6820
2 L 0 954 1
2 D 677 954 1
5 L 0 918 1
5 D 634 918 1
5 L 0 623 1
5 D 634 623 1
6 L 0 384 1
6 D 681 384 1
7 L 0 432 1
7 D 149 432 1
8 L 0 967 1
8 D 455 967 1
9 L 0 720 1
9 D 449 720 1
11 L 0 769 1
11 D 213 769 1
13 L 0 434 1
13 D 273 434 1
14 L 0 575 1
14 D 139 575 1
16 L 0 820 1
16 D 462 820 1
17 L 0 870 1
17 D 631 870 1
2 L 0 751 1
2 D 262 751 1
6 L 0 168 1
6 D 646 168 1
5 L 0 512 1
5 D 742 512 1
13 L 0 994 1
13 D 137 994 1
15 L 0 384 1
15 D 352 384 1
17 L 0 931 1
17 D 16 931 1
0 L 0 81 1
0 D 367 81 1
11 L 0 883 1
11 D 190 883 1
12 L 0 999 1
12 D 545 999 1
14 L 0 953 1
14 D 356 953 1
3 L 0 967 1
3 D 571 967 1
3 L 0 500 1
3 D 571 500 1
9 L 0 68 1
9 D 228 68 1
18 L 0 360 1
18 D 259 360 1
18 L 0 168 1
18 D 259 168 1
16 L 0 8 1
16 D 552 8 1
7 L 0 918 1
7 D 121 918 1
7 L 0 35 1
7 D 121 35 1
14 L 0 970 1
14 D 514 970 1
19 L 0 372 1
19 D 328 372 1
6 L 0 657 1
6 D 156 657 1
1 L 0 5 1
1 D 441 5 1
2 L 0 907 1
2 D 200 907 1
8 L 0 953 1
8 D 188 953 1
15 L 0 62 1
15 D 427 62 1
15 L 0 358 1
15 D 427 358 1
17 L 0 372 1
17 D 134 372 1
5 L 0 68 1
5 D 136 68 1
5 L 0 58 1
5 D 136 58 1
10 L 0 129 1
10 D 128 129 1
12 L 0 52 1
12 D 168 52 1
13 L 0 587 1
13 D 211 587 1
13 L 0 86 1
13 D 211 86 1
0 L 0 649 1
0 D 348 649 1
9 L 0 614 1
9 D 659 614 1
9 L 0 293 1
9 D 659 293 1
11 L 0 488 1
11 D 639 488 1
11 L 0 123 1
11 D 639 123 1
14 L 0 940 1
14 D 428 940 1
14 L 0 724 1
14 D 428 724 1
18 L 0 163 1
18 D 17 163 1
19 L 0 931 1
19 D 298 931 1
19 L 0 142 1
19 D 298 142 1
4 L 0 967 1
4 D 74 967 1
4 L 0 996 1
4 D 74 996 1
6 L 0 385 1
6 D 653 385 1
16 L 0 966 1
16 D 691 966 1
16 L 0 622 1
16 D 691 622 1
16 L 0 237 1
16 D 691 237 1
17 L 0 931 1
17 D 52 931 1
17 L 0 855 1
17 D 52 855 1
8 L 0 139 1
8 D 53 139 1
15 L 0 777 1
15 D 587 777 1
18 L 0 659 1
18 D 775 659 1
18 L 0 70 1
18 D 775 70 1
9 L 0 37 1
9 D 365 37 1
0 L 0 404 1
0 D 470 404 1
14 L 0 961 1
14 D 3 961 1
1 L 0 620 1
1 D 432 620 1
1 L 0 429 1
1 D 432 429 1
1 L 0 551 1
1 D 432 551 1
2 L 0 261 1
2 D 621 261 1
13 L 0 896 1
13 D 747 896 1
12 L 0 389 1
12 D 703 389 1
5 L 0 882 1
5 D 323 882 1
6 L 0 112 1
6 D 110 112 1
6 L 0 189 1
6 D 110 189 1
11 L 0 268 1
11 D 439 268 1
11 L 0 376 1
11 D 439 376 1
17 L 0 962 1
17 D 547 962 1
17 L 0 852 1
17 D 547 852 1
17 L 0 875 1
17 D 547 875 1
19 L 0 680 1
19 D 379 680 1
19 L 0 796 1
19 D 379 796 1
16 L 0 870 1
16 D 244 870 1
16 L 0 81 1
16 D 244 81 1
16 L 0 375 1
16 D 244 375 1
3 L 0 574 1
3 D 266 574 1
3 L 0 123 1
3 D 266 123 1
9 L 0 455 1
9 D 499 455 1
4 L 0 76 1
4 D 466 76 1
18 L 0 824 1
18 D 490 824 1
18 L 0 675 1
18 D 490 675 1
8 L 0 490 1
8 D 550 490 1
0 L 0 918 1
0 D 636 918 1
0 L 0 168 1
0 D 636 168 1
15 L 0 47 1
15 D 519 47 1
15 L 0 823 1
15 D 519 823 1
15 L 0 644 1
15 D 519 644 1
14 L 0 129 1
14 D 758 129 1
2 L 0 159 1
2 D 185 159 1
7 L 0 783 1
7 D 589 783 1
13 L 0 832 1
13 D 600 832 1
10 L 0 517 1
10 D 346 517 1
10 L 0 397 1
10 D 346 397 1
10 L 0 583 1
10 D 346 583 1
1 L 0 616 1
1 D 276 616 1
5 L 0 532 1
5 D 12 532 1
5 L 0 502 1
5 D 12 502 1
6 L 0 789 1
6 D 419 789 1
6 L 0 303 1
6 D 419 303 1
16 L 0 113 1
16 D 320 113 1
17 L 0 433 1
17 D 184 433 1
17 L 0 247 1
17 D 184 247 1
12 L 0 400 1
12 D 746 400 1
12 L 0 448 1
12 D 746 448 1
9 L 0 791 1
9 D 785 791 1
9 L 0 727 1
9 D 785 727 1
19 L 0 622 1
19 D 197 622 1
19 L 0 995 1
19 D 197 995 1
19 L 0 452 1
19 D 197 452 1
4 L 0 441 1
4 D 46 441 1
4 L 0 857 1
4 D 46 857 1
8 L 0 384 1
8 D 680 384 1
11 L 0 554 1
11 D 194 554 1
7 L 0 296 1
7 D 330 296 1
7 L 0 637 1
7 D 330 637 1
2 L 0 307 1
2 D 289 307 1
14 L 0 875 1
14 D 664 875 1
3 L 0 149 1
3 D 712 149 1
3 L 0 601 1
3 D 712 601 1
15 L 0 123 1
15 D 173 123 1
15 L 0 764 1
15 D 173 764 1
1 L 0 247 1
1 D 80 247 1
13 L 0 414 1
13 D 415 414 1
18 L 0 299 1
18 D 304 299 1
18 L 0 253 1
18 D 304 253 1
18 L 0 512 1
18 D 304 512 1
18 L 0 824 1
18 D 304 824 1
0 L 0 862 1
0 D 268 862 1
6 L 0 276 1
6 D 61 276 1
6 L 0 105 1
6 D 61 105 1
6 L 0 52 1
6 D 61 52 1
10 L 0 22 1
10 D 170 22 1
10 L 0 392 1
10 D 170 392 1
10 L 0 583 1
10 D 170 583 1
5 L 0 513 1
5 D 59 513 1
5 L 0 328 1
5 D 59 328 1
5 L 0 238 1
5 D 59 238 1
16 L 0 926 1
16 D 155 926 1
16 L 0 344 1
16 D 155 344 1
9 L 0 207 1
9 D 222 207 1
9 L 0 219 1
9 D 222 219 1
12 L 0 218 1
12 D 791 218 1
12 L 0 235 1
12 D 791 235 1
17 L 0 967 1
17 D 263 967 1
17 L 0 193 1
17 D 263 193 1
17 L 0 870 1
17 D 263 870 1
17 L 0 654 1
17 D 263 654 1
8 L 0 215 1
8 D 255 215 1
8 L 0 182 1
8 D 255 182 1
19 L 0 654 1
19 D 597 654 1
19 L 0 614 1
19 D 597 614 1
4 L 0 532 1
4 D 489 532 1
4 L 0 953 1
4 D 489 953 1
4 L 0 931 1
4 D 489 931 1
4 L 0 34 1
4 D 489 34 1
11 L 0 730 1
11 D 656 730 1
1 L 0 52 1
1 D 205 52 1
1 L 0 335 1
1 D 205 335 1
14 L 0 772 1
14 D 387 772 1
13 L 0 262 1
13 D 487 262 1
15 L 0 193 1
15 D 495 193 1
15 L 0 284 1
15 D 495 284 1
2 L 0 501 1
2 D 192 501 1
7 L 0 283 1
7 D 407 283 1
7 L 0 310 1
7 D 407 310 1
7 L 0 861 1
7 D 407 861 1
0 L 0 50 1
0 D 581 50 1
0 L 0 467 1
0 D 581 467 1
3 L 0 862 1
3 D 305 862 1
10 L 0 981 1
10 D 668 981 1
10 L 0 781 1
10 D 668 781 1
10 L 0 255 1
10 D 668 255 1
18 L 0 541 1
18 D 764 541 1
18 L 0 878 1
18 D 764 878 1
18 L 0 837 1
18 D 764 837 1
5 L 0 478 1
5 D 716 478 1
5 L 0 71 1
5 D 716 71 1
5 L 0 78 1
5 D 716 78 1
16 L 0 441 1
16 D 265 441 1
16 L 0 704 1
16 D 265 704 1
16 L 0 808 1
16 D 265 808 1
9 L 0 937 1
9 D 652 937 1
9 L 0 149 1
9 D 652 149 1
9 L 0 874 1
9 D 652 874 1
9 L 0 74 1
9 D 652 74 1
19 L 0 482 1
19 D 162 482 1
19 L 0 794 1
19 D 162 794 1
4 L 0 162 1
4 D 209 162 1
4 L 0 28 1
4 D 209 28 1
4 L 0 883 1
4 D 209 883 1
12 L 0 162 1
12 D 436 162 1
12 L 0 230 1
12 D 436 230 1
12 L 0 508 1
12 D 436 508 1
12 L 0 268 1
12 D 436 268 1
6 L 0 856 1
6 D 11 856 1
6 L 0 133 1
6 D 11 133 1
2 L 0 230 1
2 D 271 230 1
2 L 0 283 1
2 D 271 283 1
2 L 0 26 1
2 D 271 26 1
1 L 0 743 1
1 D 332 743 1
10 L 0 289 1
10 D 596 289 1
10 L 0 635 1
10 D 596 635 1
3 L 0 441 1
3 D 316 441 1
3 L 0 276 1
3 D 316 276 1
3 L 0 500 1
3 D 316 500 1
3 L 0 35 1
3 D 316 35 1
17 L 0 591 1
17 D 458 591 1
17 L 0 978 1
17 D 458 978 1
17 L 0 571 1
17 D 458 571 1
9 L 0 751 1
9 D 422 751 1
9 L 0 444 1
9 D 422 444 1
6 L 0 543 1
6 D 782 543 1
6 L 0 301 1
6 D 782 301 1
11 L 0 618 1
11 D 641 618 1
11 L 0 283 1
11 D 641 283 1
11 L 0 443 1
11 D 641 443 1
7 L 0 587 1
7 D 619 587 1
7 L 0 104 1
7 D 619 104 1
7 L 0 293 1
7 D 619 293 1
10 L 0 296 1
10 D 314 296 1
10 L 0 809 1
10 D 314 809 1
0 L 0 528 1
0 D 90 528 1
8 L 0 587 1
8 D 564 587 1
8 L 0 769 1
8 D 564 769 1
8 L 0 619 1
8 D 564 619 1
8 L 0 104 1
8 D 564 104 1
9 L 0 622 1
9 D 767 622 1
9 L 0 80 1
9 D 767 80 1
9 L 0 557 1
9 D 767 557 1
9 L 0 732 1
9 D 767 732 1
9 L 0 809 1
9 D 767 809 1
17 L 0 741 1
17 D 42 741 1
17 L 0 809 1
17 D 42 809 1
14 L 0 883 1
14 D 362 883 1
14 L 0 335 1
14 D 362 335 1
4 L 0 989 1
4 D 68 989 1
4 L 0 658 1
4 D 68 658 1
4 L 0 877 1
4 D 68 877 1
4 L 0 936 1
4 D 68 936 1
19 L 0 259 1
19 D 19 259 1
19 L 0 47 1
19 D 19 47 1
19 L 0 623 1
19 D 19 623 1
19 L 0 83 1
19 D 19 83 1
13 L 0 252 1
13 D 720 252 1
13 L 0 777 1
13 D 720 777 1
13 L 0 883 1
13 D 720 883 1
13 L 0 398 1
13 D 720 398 1
0 L 0 28 1
0 D 783 28 1
7 L 0 287 1
7 D 97 287 1
7 L 0 41 1
7 D 97 41 1
1 L 0 793 1
1 D 603 793 1
1 L 0 787 1
1 D 603 787 1
12 L 0 918 1
12 D 451 918 1
12 L 0 372 1
12 D 451 372 1
12 L 0 975 1
12 D 451 975 1
2 L 0 926 1
2 D 633 926 1
2 L 0 16 1
2 D 633 16 1
9 L 0 359 1
9 D 444 359 1
9 L 0 210 1
9 D 444 210 1
17 L 0 384 1
17 D 530 384 1
17 L 0 882 1
17 D 530 882 1
11 L 0 937 1
11 D 25 937 1
11 L 0 360 1
11 D 25 360 1
11 L 0 111 1
11 D 25 111 1
8 L 0 341 1
8 D 446 341 1
8 L 0 1 1
8 D 446 1 1
3 L 0 125 1
3 D 279 125 1
3 L 0 17 1
3 D 279 17 1
10 L 0 994 1
10 D 242 994 1
10 L 0 763 1
10 D 242 763 1
5 L 0 67 1
5 D 258 67 1
5 L 0 534 1
5 D 258 534 1
5 L 0 790 1
5 D 258 790 1
13 L 0 649 1
13 D 429 649 1
16 L 0 848 1
16 D 86 848 1
16 L 0 216 1
16 D 86 216 1
16 L 0 448 1
16 D 86 448 1
9 L 0 397 1
9 D 133 397 1
9 L 0 92 1
9 D 133 92 1
15 L 0 926 1
15 D 721 926 1
15 L 0 399 1
15 D 721 399 1
18 L 0 478 1
18 D 299 478 1
18 L 0 109 1
18 D 299 109 1
18 L 0 970 1
18 D 299 970 1
11 L 0 139 1
11 D 370 139 1
11 L 0 820 1
11 D 370 820 1
11 L 0 730 1
11 D 370 730 1
0 L 0 739 1
0 D 411 739 1
14 L 0 591 1
14 D 96 591 1
14 L 0 153 1
14 D 96 153 1
3 L 0 360 1
3 D 309 360 1
3 L 0 659 1
3 D 309 659 1
3 L 0 1 1
3 D 309 1 1
4 L 0 184 1
4 D 557 184 1
4 L 0 96 1
4 D 557 96 1
4 L 0 371 1
4 D 557 371 1
6 L 0 237 1
6 D 456 237 1
6 L 0 921 1
6 D 456 921 1
19 L 0 397 1
19 D 644 397 1
17 L 0 688 1
17 D 24 688 1
17 L 0 899 1
17 D 24 899 1
17 L 0 52 1
17 D 24 52 1
12 L 0 937 1
12 D 331 937 1
12 L 0 541 1
12 D 331 541 1
12 L 0 289 1
12 D 331 289 1
15 L 0 328 1
15 D 579 328 1
18 L 0 730 1
18 D 671 730 1
1 L 0 856 1
1 D 491 856 1
6 L 0 688 1
6 D 322 688 1
6 L 0 807 1
6 D 322 807 1
10 L 0 939 1
10 D 238 939 1
15 L 0 509 1
15 D 34 509 1
15 L 0 438 1
15 D 34 438 1
15 L 0 787 1
15 D 34 787 1
3 L 0 832 1
3 D 549 832 1
16 L 0 778 1
16 D 416 778 1
16 L 0 631 1
16 D 416 631 1
16 L 0 439 1
16 D 416 439 1
16 L 0 168 1
16 D 416 168 1
19 L 0 685 1
19 D 359 685 1
19 L 0 233 1
19 D 359 233 1
5 L 0 171 1
5 D 357 171 1
5 L 0 454 1
5 D 357 454 1
5 L 0 384 1
5 D 357 384 1
17 L 0 966 1
17 D 251 966 1
18 L 0 777 1
18 D 199 777 1
18 L 0 789 1
18 D 199 789 1
1 L 0 623 1
1 D 232 623 1
1 L 0 477 1
1 D 232 477 1
8 L 0 604 1
8 D 694 604 1
8 L 0 814 1
8 D 694 814 1
8 L 0 984 1
8 D 694 984 1
3 L 0 372 1
3 D 374 372 1
3 L 0 489 1
3 D 374 489 1
11 L 0 794 1
11 D 92 794 1
0 L 0 299 1
0 D 687 299 1
0 L 0 954 1
0 D 687 954 1
0 L 0 759 1
0 D 687 759 1
15 L 0 584 1
15 D 229 584 1
15 L 0 509 1
15 D 229 509 1
15 L 0 149 1
15 D 229 149 1
15 L 0 631 1
15 D 229 631 1
15 L 0 827 1
15 D 229 827 1
14 L 0 477 1
14 D 796 477 1
14 L 0 210 1
14 D 796 210 1
18 L 0 822 1
18 D 515 822 1
18 L 0 349 1
18 D 515 349 1
19 L 0 63 1
19 D 536 63 1
19 L 0 741 1
19 D 536 741 1
19 L 0 809 1
19 D 536 809 1
16 L 0 413 1
16 D 210 413 1
16 L 0 543 1
16 D 210 543 1
5 L 0 659 1
5 D 64 659 1
5 L 0 964 1
5 D 64 964 1
11 L 0 541 1
11 D 562 541 1
13 L 0 981 1
13 D 5 981 1
13 L 0 8 1
13 D 5 8 1
13 L 0 688 1
13 D 5 688 1
13 L 0 597 1
13 D 5 597 1
1 L 0 452 1
1 D 288 452 1
1 L 0 463 1
1 D 288 463 1
12 L 0 349 1
12 D 4 349 1
12 L 0 736 1
12 D 4 736 1
9 L 0 252 1
9 D 493 252 1
9 L 0 179 1
9 D 493 179 1
15 L 0 478 1
15 D 113 478 1
15 L 0 187 1
15 D 113 187 1
15 L 0 495 1
15 D 113 495 1
16 L 0 5 1
16 D 537 5 1
7 L 0 705 1
7 D 176 705 1
7 L 0 16 1
7 D 176 16 1
19 L 0 966 1
19 D 377 966 1
19 L 0 959 1
19 D 377 959 1
19 L 0 268 1
19 D 377 268 1
19 L 0 196 1
19 D 377 196 1
5 L 0 379 1
5 D 655 379 1
5 L 0 34 1
5 D 655 34 1
5 L 0 444 1
5 D 655 444 1
18 L 0 623 1
18 D 743 623 1
18 L 0 183 1
18 D 743 183 1
18 L 0 106 1
18 D 743 106 1
10 L 0 16 1
10 D 743 16 1
8 L 0 63 1
8 D 237 63 1
8 L 0 919 1
8 D 237 919 1
8 L 0 645 1
8 D 237 645 1
8 L 0 875 1
8 D 237 875 1
1 L 0 517 1
1 D 87 517 1
1 L 0 694 1
1 D 87 694 1
1 L 0 192 1
1 D 87 192 1
12 L 0 509 1
12 D 350 509 1
12 L 0 623 1
12 D 350 623 1
12 L 0 741 1
12 D 350 741 1
12 L 0 268 1
12 D 350 268 1
12 L 0 287 1
12 D 350 287 1
4 L 0 513 1
4 D 627 513 1
4 L 0 622 1
4 D 627 622 1
4 L 0 753 1
4 D 627 753 1
4 L 0 924 1
4 D 627 924 1
4 L 0 443 1
4 D 627 443 1
6 L 0 666 1
6 D 627 666 1
14 L 0 112 2
14 D 509 112 2
14 L 0 523 1
14 D 509 523 1
14 L 0 621 1
14 D 509 621 1
0 L 0 513 1
0 D 392 513 1
0 L 0 950 1
0 D 392 950 1
15 L 0 886 1
15 D 94 886 1
15 L 0 713 1
15 D 94 713 1
11 L 0 432 1
11 D 768 432 1
11 L 0 384 1
11 D 768 384 1
18 L 0 159 1
18 D 794 159 1
18 L 0 832 1
18 D 794 832 1
5 L 0 238 1
5 D 794 238 1
7 L 0 278 1
7 D 366 278 1
13 L 0 80 1
13 D 274 80 1
13 L 0 564 1
13 D 274 564 1
13 L 0 467 1
13 D 274 467 1
1 L 0 765 1
1 D 496 765 1
1 L 0 764 1
1 D 496 764 1
18 L 0 364 1
18 D 556 364 1
18 L 0 304 1
18 D 556 304 1
18 L 0 575 1
18 D 556 575 1
18 L 0 83 1
18 D 556 83 1
17 L 0 964 1
17 D 556 964 1
10 L 0 354 1
10 D 360 354 1
10 L 0 272 1
10 D 360 272 1
10 L 0 163 1
10 D 360 163 1
12 L 0 688 1
12 D 638 688 1
9 L 0 63 1
9 D 713 63 1
9 L 0 748 1
9 D 713 748 1
9 L 0 776 1
9 D 713 776 1
9 L 0 399 1
9 D 713 399 1
14 L 0 360 1
14 D 620 360 1
14 L 0 500 1
14 D 620 500 1
14 L 0 809 1
14 D 620 809 1
5 L 0 940 1
5 D 474 940 1
5 L 0 293 1
5 D 474 293 1
4 L 0 364 1
4 D 282 364 1
4 L 0 934 1
4 D 282 934 1
4 L 0 621 1
4 D 282 621 1
11 L 0 840 1
11 D 282 840 1
7 L 0 726 1
7 D 448 726 1
7 L 0 350 1
7 D 448 350 1
16 L 0 62 1
16 D 708 62 1
16 L 0 996 1
16 D 708 996 1
16 L 0 798 1
16 D 708 798 1
16 L 0 614 1
16 D 708 614 1
15 L 0 700 1
15 D 383 700 1
15 L 0 764 1
15 D 383 764 1
18 L 0 348 1
18 D 351 348 1
1 L 0 259 1
1 D 607 259 1
1 L 0 591 1
1 D 607 591 1
1 L 0 477 1
1 D 607 477 1
8 L 0 306 1
8 D 528 306 1
3 L 0 989 1
3 D 308 989 1
3 L 0 53 1
3 D 308 53 1
3 L 0 258 1
3 D 308 258 1
3 L 0 290 1
3 D 308 290 1
10 L 0 41 1
10 D 308 41 1
14 L 0 661 1
14 D 363 661 1
14 L 0 877 1
14 D 363 877 1
14 L 0 771 1
14 D 363 771 1
0 L 0 403 1
0 D 363 403 1
6 L 0 823 1
6 D 164 823 1
6 L 0 644 1
6 D 164 644 1
9 L 0 653 1
9 D 164 653 1
2 L 0 707 1
2 D 674 707 1
2 L 0 189 1
2 D 674 189 1
7 L 0 576 1
7 D 674 576 1
11 L 0 88 1
11 D 159 88 1
11 L 0 894 1
11 D 159 894 1
4 L 0 484 1
4 D 159 484 1
13 L 0 104 1
13 D 264 104 1
12 L 0 632 1
12 D 261 632 1
12 L 0 463 1
12 D 261 463 1
17 L 0 491 1
17 D 8 491 1
17 L 0 401 1
17 D 8 401 1
16 L 0 513 1
16 D 212 513 1
16 L 0 129 1
16 D 212 129 1
16 L 0 920 1
16 D 212 920 1
10 L 0 220 1
10 D 212 220 1
4 L 0 500 1
4 D 1 500 1
4 L 0 218 1
4 D 1 218 1
4 L 0 247 1
4 D 1 247 1
6 L 0 793 1
6 D 249 793 1
6 L 0 819 1
6 D 249 819 1
2 L 0 573 1
2 D 129 573 1
5 L 0 441 1
5 D 91 441 1
5 L 0 162 1
5 D 91 162 1
5 L 0 483 1
5 D 91 483 1
5 L 0 182 1
5 D 91 182 1
0 L 0 581 1
0 D 91 581 1
14 L 0 68 1
14 D 13 68 1
14 L 0 28 1
14 D 13 28 1
14 L 0 372 1
14 D 13 372 1
1 L 0 275 1
1 D 13 275 1
11 L 0 478 1
11 D 396 478 1
11 L 0 235 1
11 D 396 235 1
11 L 0 97 1
11 D 396 97 1
4 L 0 184 1
4 D 399 184 1
4 L 0 926 1
4 D 399 926 1
4 L 0 17 1
4 D 399 17 1
7 L 0 136 1
7 D 399 136 1
13 L 0 359 1
13 D 253 359 1
13 L 0 182 1
13 D 253 182 1
18 L 0 461 1
18 D 253 461 1
3 L 0 707 1
3 D 102 707 1
3 L 0 749 1
3 D 102 749 1
3 L 0 779 1
3 D 102 779 1
17 L 0 488 1
17 D 643 488 1
17 L 0 233 1
17 D 643 233 1
17 L 0 189 1
17 D 643 189 1
15 L 0 108 1
15 D 643 108 1
2 L 0 449 1
2 D 544 449 1
10 L 0 281 1
10 D 131 281 1
10 L 0 626 1
10 D 131 626 1
9 L 0 587 1
9 D 612 587 1
9 L 0 509 1
9 D 612 509 1
9 L 0 846 1
9 D 612 846 1
9 L 0 35 1
9 D 612 35 1
9 L 0 534 1
9 D 612 534 1
11 L 0 464 1
11 D 612 464 1
0 L 0 981 1
0 D 739 981 1
0 L 0 907 1
0 D 739 907 1
0 L 0 438 1
0 D 739 438 1
19 L 0 710 1
19 D 739 710 1
1 L 0 230 1
1 D 665 230 1
1 L 0 389 1
1 D 665 389 1
14 L 0 611 1
14 D 665 611 1
18 L 0 765 1
18 D 696 765 1
18 L 0 819 1
18 D 696 819 1
18 L 0 730 1
18 D 696 730 1
5 L 0 440 1
5 D 477 440 1
5 L 0 444 1
5 D 477 444 1
13 L 0 554 1
13 D 477 554 1
3 L 0 28 1
3 D 717 28 1
3 L 0 296 1
3 D 717 296 1
3 L 0 310 1
3 D 717 310 1
3 L 0 375 1
3 D 717 375 1
12 L 0 857 1
12 D 717 857 1
12 L 0 419 1
12 D 717 419 1
17 L 0 588 1
17 D 376 588 1
17 L 0 447 1
17 D 376 447 1
17 L 0 964 1
17 D 376 964 1
4 L 0 480 1
4 D 376 480 1
15 L 0 749 1
15 D 50 749 1
2 L 0 345 1
2 D 50 345 1
8 L 0 406 1
8 D 27 406 1
8 L 0 104 1
8 D 27 104 1
6 L 0 616 1
6 D 27 616 1
14 L 0 215 1
14 D 220 215 1
14 L 0 94 1
14 D 220 94 1
14 L 0 372 1
14 D 220 372 1
16 L 0 615 1
16 D 220 615 1
11 L 0 80 1
11 D 508 80 1
11 L 0 750 1
11 D 508 750 1
13 L 0 775 1
13 D 508 775 1
7 L 0 981 1
7 D 524 981 1
7 L 0 783 1
7 D 524 783 1
10 L 0 147 1
10 D 524 147 1
18 L 0 685 1
18 D 452 685 1
18 L 0 765 1
18 D 452 765 1
18 L 0 936 1
18 D 452 936 1
12 L 0 755 1
12 D 452 755 1
4 L 0 96 1
4 D 426 96 1
4 L 0 597 1
4 D 426 597 1
15 L 0 124 1
15 D 426 124 1
17 L 0 197 1
17 D 388 197 1
17 L 0 741 1
17 D 388 741 1
17 L 0 808 1
17 D 388 808 1
5 L 0 128 1
5 D 737 128 1
5 L 0 857 1
5 D 737 857 1
5 L 0 779 1
5 D 737 779 1
0 L 0 616 1
0 D 737 616 1
2 L 0 779 1
2 D 21 779 1
13 L 0 352 1
13 D 183 352 1
13 L 0 456 1
13 D 183 456 1
13 L 0 219 1
13 D 183 219 1
14 L 0 719 1
14 D 183 719 1
18 L 0 995 1
18 D 93 995 1
18 L 0 341 1
18 D 93 341 1
18 L 0 296 1
18 D 93 296 1
18 L 0 742 1
18 D 93 742 1
8 L 0 480 1
8 D 93 480 1
9 L 0 919 1
9 D 109 919 1
9 L 0 877 1
9 D 109 877 1
9 L 0 899 1
9 D 109 899 1
6 L 0 788 1
6 D 109 788 1
7 L 0 793 1
7 D 182 793 1
7 L 0 419 1
7 D 182 419 1
10 L 0 910 1
10 D 182 910 1
12 L 0 854 1
12 D 239 854 1
12 L 0 871 1
12 D 239 871 1
4 L 0 220 1
4 D 239 220 1
3 L 0 384 1
3 D 414 384 1
3 L 0 807 1
3 D 414 807 1
15 L 0 553 1
15 D 414 553 1
17 L 0 994 1
17 D 741 994 1
17 L 0 851 1
17 D 741 851 1
2 L 0 911 1
2 D 741 911 1
0 L 0 631 1
0 D 759 631 1
0 L 0 919 1
0 D 759 919 1
0 L 0 139 1
0 D 759 139 1
5 L 0 728 1
5 D 759 728 1
6 L 0 517 1
6 D 756 517 1
6 L 0 978 1
6 D 756 978 1
6 L 0 825 1
6 D 756 825 1
14 L 0 199 1
14 D 756 199 1
8 L 0 937 1
8 D 106 937 1
8 L 0 86 1
8 D 106 86 1
11 L 0 299 1
11 D 318 299 1
11 L 0 575 1
11 D 318 575 1
18 L 0 358 1
18 D 224 358 1
18 L 0 114 1
18 D 224 114 1
18 L 0 211 1
18 D 224 211 1
12 L 0 814 1
12 D 169 814 1
12 L 0 551 1
12 D 169 551 1
12 L 0 684 1
12 D 169 684 1
15 L 0 921 1
15 D 169 921 1
3 L 0 63 1
3 D 152 63 1
3 L 0 954 1
3 D 152 954 1
3 L 0 149 1
3 D 152 149 1
3 L 0 67 1
3 D 152 67 1
3 L 0 645 1
3 D 152 645 1
3 L 0 375 1
3 D 152 375 1
19 L 0 764 1
19 D 152 764 1
1 L 0 636 1
1 D 147 636 1
1 L 0 877 1
1 D 147 877 1
1 L 0 233 1
1 D 147 233 1
1 L 0 438 1
1 D 147 438 1
2 L 0 564 1
2 D 147 564 1
2 L 0 920 1
2 D 147 920 1
13 L 0 278 1
13 D 697 278 1
13 L 0 846 1
13 D 697 846 1
13 L 0 907 1
13 D 697 907 1
13 L 0 534 1
13 D 697 534 1
4 L 0 477 1
4 D 697 477 1
4 L 0 970 1
4 D 697 970 1
5 L 0 794 1
5 D 100 794 1
5 L 0 144 1
5 D 100 144 1
0 L 0 185 1
0 D 100 185 1
16 L 0 513 1
16 D 732 513 1
16 L 0 591 1
16 D 732 591 1
16 L 0 871 1
16 D 732 871 1
14 L 0 937 1
14 D 281 937 1
14 L 0 375 1
14 D 281 375 1
14 L 0 241 1
14 D 281 241 1
6 L 0 937 1
6 D 166 937 1
6 L 0 339 1
6 D 166 339 1
6 L 0 621 1
6 D 166 621 1
7 L 0 610 1
7 D 166 610 1
17 L 0 184 1
17 D 471 184 1
17 L 0 874 1
17 D 471 874 1
17 L 0 406 1
17 D 471 406 1
17 L 0 994 1
17 D 471 994 1
15 L 0 301 1
15 D 471 301 1
18 L 0 488 1
18 D 218 488 1
18 L 0 465 1
18 D 218 465 1
18 L 0 749 1
18 D 218 749 1
5 L 0 121 1
5 D 795 121 1
0 L 0 691 1
0 D 795 691 1
4 L 0 631 1
4 D 582 631 1
4 L 0 794 1
4 D 582 794 1
4 L 0 940 1
4 D 582 940 1
2 L 0 243 1
2 D 582 243 1
2 L 0 31 1
2 D 582 31 1
11 L 0 753 1
11 D 676 753 1
11 L 0 278 1
11 D 676 278 1
11 L 0 218 1
11 D 676 218 1
11 L 0 794 1
11 D 676 794 1
13 L 0 762 1
13 D 676 762 1
13 L 0 423 1
13 D 676 423 1
10 L 0 50 1
10 D 390 50 1
10 L 0 13 1
10 D 390 13 1
10 L 0 153 1
10 D 390 153 1
8 L 0 267 1
8 D 390 267 1
14 L 0 382 1
14 D 540 382 1
7 L 0 257 1
7 D 540 257 1
1 L 0 94 1
1 D 148 94 1
1 L 0 629 1
1 D 148 629 1
1 L 0 632 1
1 D 148 632 1
17 L 0 31 1
17 D 148 31 1
12 L 0 808 1
12 D 234 808 1
19 L 0 862 1
19 D 234 862 1
3 L 0 954 1
3 D 480 954 1
3 L 0 189 1
3 D 480 189 1
15 L 0 69 1
15 D 480 69 1
18 L 0 824 1
18 D 143 824 1
18 L 0 397 1
18 D 143 397 1
18 L 0 920 1
18 D 143 920 1
5 L 0 161 1
5 D 143 161 1
0 L 0 919 1
0 D 51 919 1
0 L 0 950 1
0 D 51 950 1
0 L 0 400 1
0 D 51 400 1
4 L 0 475 1
4 D 51 475 1
6 L 0 659 1
6 D 662 659 1
6 L 0 211 1
6 D 662 211 1
6 L 0 379 1
6 D 662 379 1
6 L 0 597 1
6 D 662 597 1
13 L 0 405 1
13 D 662 405 1
13 L 0 185 1
13 D 662 185 1
9 L 0 618 1
9 D 115 618 1
9 L 0 296 1
9 D 115 296 1
9 L 0 854 1
9 D 115 854 1
14 L 0 641 1
14 D 115 641 1
2 L 0 634 1
2 D 0 634 1
2 L 0 121 1
2 D 0 121 1
8 L 0 62 1
8 D 206 62 1
8 L 0 547 1
8 D 206 547 1
8 L 0 694 1
8 D 206 694 1
8 L 0 105 1
8 D 206 105 1
12 L 0 698 1
12 D 206 698 1
19 L 0 162 1
19 D 575 162 1
19 L 0 490 1
19 D 575 490 1
19 L 0 447 1
19 D 575 447 1
19 L 0 168 1
19 D 575 168 1
3 L 0 111 1
3 D 575 111 1
11 L 0 658 1
11 D 780 658 1
11 L 0 781 1
11 D 780 781 1
11 L 0 397 1
11 D 780 397 1
5 L 0 904 1
5 D 780 904 1
1 L 0 622 1
1 D 578 622 1
1 L 0 777 1
1 D 578 777 1
1 L 0 675 1
1 D 578 675 1
14 L 0 801 1
14 D 578 801 1
2 L 0 316 1
2 D 788 316 1
9 L 0 919 1
9 D 541 919 1
9 L 0 852 1
9 D 541 852 1
9 L 0 877 1
9 D 541 877 1
9 L 0 406 1
9 D 541 406 1
18 L 0 780 1
18 D 541 780 1
7 L 0 901 1
7 D 430 901 1
7 L 0 290 1
7 D 430 290 1
8 L 0 631 1
8 D 704 631 1
8 L 0 261 1
8 D 704 261 1
3 L 0 278 1
3 D 718 278 1
3 L 0 994 1
3 D 718 994 1
3 L 0 861 1
3 D 718 861 1
10 L 0 850 1
10 D 718 850 1
15 L 0 237 1
15 D 32 237 1
15 L 0 314 1
15 D 32 314 1
2 L 0 208 1
2 D 294 208 1
2 L 0 534 1
2 D 294 534 1
5 L 0 601 1
5 D 294 601 1
11 L 0 276 1
11 D 342 276 1
11 L 0 730 1
11 D 342 730 1
13 L 0 286 1
13 D 342 286 1
18 L 0 364 1
18 D 511 364 1
18 L 0 536 1
18 D 511 536 1
12 L 0 622 1
12 D 625 622 1
12 L 0 531 1
12 D 625 531 1
12 L 0 680 1
12 D 625 680 1
12 L 0 936 1
12 D 625 936 1
6 L 0 121 1
6 D 772 121 1
7 L 0 475 1
7 D 772 475 1
4 L 0 479 1
4 D 319 479 1
4 L 0 70 1
4 D 319 70 1
8 L 0 971 1
8 D 319 971 1
16 L 0 517 1
16 D 606 517 1
16 L 0 259 1
16 D 606 259 1
16 L 0 885 1
16 D 606 885 1
16 L 0 705 1
16 D 606 705 1
2 L 0 70 1
2 D 606 70 1
19 L 0 145 1
19 D 464 145 1
19 L 0 44 1
19 D 464 44 1
19 L 0 994 1
19 D 464 994 1
19 L 0 515 1
19 D 464 515 1
17 L 0 925 1
17 D 464 925 1
17 L 0 455 1
17 D 464 455 1
3 L 0 781 1
3 D 454 781 1
3 L 0 588 1
3 D 454 588 1
3 L 0 465 1
3 D 454 465 1
0 L 0 688 1
0 D 542 688 1
0 L 0 920 1
0 D 542 920 1
0 L 0 543 1
0 D 542 543 1
13 L 0 182 1
13 D 341 182 1
14 L 0 607 1
14 D 341 607 1
1 L 0 372 1
1 D 85 372 1
1 L 0 780 1
1 D 85 780 1
8 L 0 63 1
8 D 174 63 1
8 L 0 453 1
8 D 174 453 1
2 L 0 237 1
2 D 699 237 1
5 L 0 628 1
5 D 699 628 1
15 L 0 197 1
15 D 475 197 1
15 L 0 145 1
15 D 475 145 1
15 L 0 937 1
15 D 475 937 1
15 L 0 931 1
15 D 475 931 1
15 L 0 311 1
15 D 475 311 1
15 L 0 54 1
15 D 475 54 1
19 L 0 616 1
19 D 475 616 1
18 L 0 907 1
18 D 553 907 1
18 L 0 71 1
18 D 553 71 1
18 L 0 465 1
18 D 553 465 1
16 L 0 629 1
16 D 553 629 1
16 L 0 306 1
16 D 553 306 1
0 L 0 45 1
0 D 472 45 1
0 L 0 96 1
0 D 472 96 1
6 L 0 35 1
6 D 67 35 1
6 L 0 644 1
6 D 67 644 1
6 L 0 76 1
6 D 67 76 1
9 L 0 496 1
9 D 201 496 1
3 L 0 391 1
3 D 201 391 1
11 L 0 509 1
11 D 63 509 1
11 L 0 840 1
11 D 63 840 1
12 L 0 426 1
12 D 41 426 1
12 L 0 97 1
12 D 41 97 1
19 L 0 920 1
19 D 580 920 1
19 L 0 153 1
19 D 580 153 1
19 L 0 125 1
19 D 580 125 1
2 L 0 293 1
2 D 580 293 1
15 L 0 116 1
15 D 693 116 1
1 L 0 623 1
1 D 256 623 1
1 L 0 841 1
1 D 256 841 1
1 L 0 374 1
1 D 256 374 1
7 L 0 896 1
7 D 256 896 1
0 L 0 28 1
0 D 311 28 1
0 L 0 757 1
0 D 311 757 1
8 L 0 949 1
8 D 311 949 1
14 L 0 168 1
14 D 108 168 1
14 L 0 837 1
14 D 108 837 1
14 L 0 158 1
14 D 108 158 1
11 L 0 808 1
11 D 108 808 1
3 L 0 620 1
3 D 375 620 1
3 L 0 104 1
3 D 375 104 1
3 L 0 97 1
3 D 375 97 1
4 L 0 261 1
4 D 375 261 1
12 L 0 50 1
12 D 393 50 1
12 L 0 514 1
12 D 393 514 1
12 L 0 991 1
12 D 393 991 1
17 L 0 213 1
17 D 393 213 1
13 L 0 105 1
13 D 153 105 1
13 L 0 875 1
13 D 153 875 1
5 L 0 302 1
5 D 153 302 1
15 L 0 252 1
15 D 700 252 1
15 L 0 649 1
15 D 700 649 1
15 L 0 719 1
15 D 700 719 1
16 L 0 460 1
16 D 700 460 1
10 L 0 145 1
10 D 301 145 1
10 L 0 602 1
10 D 301 602 1
10 L 0 952 1
10 D 301 952 1
11 L 0 401 1
11 D 301 401 1
7 L 0 622 1
7 D 505 622 1
7 L 0 936 1
7 D 505 936 1
7 L 0 247 1
7 D 505 247 1
19 L 0 348 1
19 D 505 348 1
9 L 0 604 1
9 D 752 604 1
9 L 0 341 1
9 D 752 341 1
9 L 0 339 1
9 D 752 339 1
17 L 0 520 1
17 D 752 520 1
4 L 0 483 1
4 D 736 483 1
4 L 0 489 1
4 D 736 489 1
4 L 0 78 1
4 D 736 78 1
5 L 0 808 1
5 D 736 808 1
3 L 0 126 1
3 D 666 126 1
3 L 0 372 1
3 D 666 372 1
3 L 0 999 1
3 D 666 999 1
14 L 0 755 1
14 D 666 755 1
0 L 0 822 1
0 D 107 822 1
8 L 0 693 1
8 D 107 693 1
16 L 0 371 1
16 D 70 371 1
16 L 0 251 1
16 D 70 251 1
18 L 0 971 1
18 D 70 971 1
1 L 0 53 1
1 D 408 53 1
1 L 0 122 1
1 D 408 122 1
1 L 0 936 1
1 D 408 936 1
10 L 0 161 1
10 D 408 161 1
2 L 0 806 1
2 D 306 806 1
9 L 0 725 1
9 D 144 725 1
9 L 0 74 1
9 D 144 74 1
9 L 0 227 1
9 D 144 227 1
17 L 0 355 1
17 D 144 355 1
7 L 0 772 1
7 D 624 772 1
19 L 0 513 1
19 D 105 513 1
19 L 0 81 1
19 D 105 81 1
19 L 0 465 1
19 D 105 465 1
19 L 0 172 1
19 D 105 172 1
15 L 0 610 1
15 D 105 610 1
13 L 0 789 1
13 D 198 789 1
13 L 0 354 1
13 D 198 354 1
14 L 0 238 1
14 D 198 238 1
0 L 0 704 1
0 D 710 704 1
0 L 0 78 1
0 D 710 78 1
0 L 0 749 1
0 D 710 749 1
8 L 0 549 1
8 D 710 549 1
2 L 0 268 1
2 D 692 268 1
2 L 0 318 1
2 D 692 318 1
2 L 0 183 1
2 D 692 183 1
5 L 0 594 1
5 D 692 594 1
11 L 0 50 1
11 D 543 50 1
11 L 0 508 1
11 D 543 508 1
11 L 0 597 1
11 D 543 597 1
11 L 0 706 1
11 D 543 706 1
1 L 0 133 1
1 D 543 133 1
10 L 0 582 1
10 D 543 582 1
16 L 0 184 1
16 D 402 184 1
16 L 0 80 1
16 D 402 80 1
16 L 0 852 1
16 D 402 852 1
16 L 0 375 1
16 D 402 375 1
7 L 0 464 1
7 D 402 464 1
15 L 0 332 1
15 D 402 332 1
17 L 0 658 1
17 D 400 658 1
17 L 0 604 1
17 D 400 604 1
17 L 0 688 1
17 D 400 688 1
17 L 0 586 1
17 D 400 586 1
3 L 0 904 1
3 D 400 904 1
9 L 0 681 1
9 D 400 681 1
12 L 0 392 1
12 D 403 392 1
12 L 0 908 1
12 D 403 908 1
12 L 0 243 1
12 D 403 243 1
19 L 0 50 1
19 D 344 50 1
19 L 0 490 1
19 D 344 490 1
19 L 0 227 1
19 D 344 227 1
19 L 0 597 1
19 D 344 597 1
13 L 0 948 1
13 D 344 948 1
13 L 0 301 1
13 D 344 301 1
6 L 0 230 1
6 D 750 230 1
6 L 0 159 1
6 D 750 159 1
6 L 0 883 1
6 D 750 883 1
6 L 0 446 1
6 D 750 446 1
10 L 0 153 1
10 D 750 153 1
10 L 0 297 1
10 D 750 297 1
5 L 0 41 1
5 D 750 41 1
4 L 0 591 1
4 D 779 591 1
4 L 0 769 1
4 D 779 769 1
4 L 0 566 1
4 D 779 566 1
8 L 0 199 1
8 D 779 199 1
15 L 0 647 1
15 D 561 647 1
15 L 0 89 1
15 D 561 89 1
2 L 0 348 1
2 D 561 348 1
7 L 0 216 1
7 D 321 216 1
7 L 0 406 1
7 D 321 406 1
7 L 0 196 1
7 D 321 196 1
16 L 0 86 1
16 D 321 86 1
16 L 0 31 1
16 D 321 31 1
9 L 0 531 1
9 D 313 531 1
9 L 0 686 1
9 D 313 686 1
13 L 0 278 1
13 D 337 278 1
13 L 0 372 1
13 D 337 372 1
13 L 0 706 1
13 D 337 706 1
19 L 0 505 1
19 D 337 505 1
12 L 0 931 1
12 D 512 931 1
12 L 0 500 1
12 D 512 500 1
12 L 0 823 1
12 D 512 823 1
1 L 0 186 1
1 D 512 186 1
15 L 0 620 1
15 D 667 620 1
15 L 0 53 1
15 D 667 53 1
15 L 0 265 1
15 D 667 265 1
15 L 0 78 1
15 D 667 78 1
2 L 0 650 1
2 D 667 650 1
17 L 0 278 1
17 D 254 278 1
17 L 0 852 1
17 D 254 852 1
17 L 0 28 1
17 D 254 28 1
17 L 0 139 1
17 D 254 139 1
3 L 0 172 1
3 D 254 172 1
3 L 0 492 1
3 D 254 492 1
8 L 0 509 1
8 D 79 509 1
8 L 0 939 1
8 D 79 939 1
8 L 0 692 1
8 D 79 692 1
0 L 0 270 1
0 D 79 270 1
16 L 0 162 1
16 D 89 162 1
16 L 0 883 1
16 D 89 883 1
16 L 0 819 1
16 D 89 819 1
7 L 0 691 1
7 D 89 691 1
18 L 0 852 1
18 D 77 852 1
18 L 0 233 1
18 D 77 233 1
18 L 0 21 1
18 D 77 21 1
19 L 0 402 1
19 D 77 402 1
19 L 0 526 1
19 D 77 526 1
10 L 0 145 1
10 D 532 145 1
10 L 0 622 1
10 D 532 622 1
10 L 0 680 1
10 D 532 680 1
10 L 0 374 1
10 D 532 374 1
7 L 0 27 1
7 D 532 27 1
14 L 0 168 1
14 D 482 168 1
14 L 0 558 1
14 D 482 558 1
5 L 0 302 1
5 D 482 302 1
16 L 0 78 1
16 D 642 78 1
16 L 0 701 1
16 D 642 701 1
2 L 0 86 1
2 D 642 86 1
4 L 0 296 1
4 D 461 296 1
4 L 0 26 1
4 D 461 26 1
17 L 0 355 1
17 D 461 355 1
15 L 0 786 1
15 D 66 786 1
11 L 0 517 1
11 D 774 517 1
11 L 0 420 1
11 D 774 420 1
11 L 0 894 1
11 D 774 894 1
8 L 0 305 1
8 D 774 305 1
18 L 0 23 1
18 D 310 23 1
18 L 0 685 1
18 D 310 685 1
19 L 0 428 1
19 D 310 428 1
6 L 0 661 1
6 D 586 661 1
6 L 0 500 1
6 D 586 500 1
6 L 0 301 1
6 D 586 301 1
14 L 0 307 1
14 D 586 307 1
16 L 0 931 1
16 D 730 931 1
16 L 0 961 1
16 D 730 961 1
10 L 0 435 1
10 D 730 435 1
4 L 0 83 1
4 D 724 83 1
4 L 0 603 1
4 D 724 603 1
4 L 0 551 1
4 D 724 551 1
3 L 0 863 1
3 D 724 863 1
1 L 0 208 1
1 D 459 208 1
1 L 0 534 1
1 D 459 534 1
17 L 0 119 1
17 D 459 119 1
11 L 0 919 1
11 D 707 919 1
11 L 0 694 1
11 D 707 694 1
11 L 0 183 1
11 D 707 183 1
11 L 0 456 1
11 D 707 456 1
19 L 0 649 1
19 D 707 649 1
19 L 0 334 1
19 D 707 334 1
13 L 0 304 1
13 D 590 304 1
13 L 0 819 1
13 D 590 819 1
13 L 0 502 1
13 D 590 502 1
0 L 0 971 1
0 D 590 971 1
16 L 0 283 1
16 D 593 283 1
16 L 0 236 1
16 D 593 236 1
2 L 0 802 1
2 D 593 802 1
12 L 0 652 1
12 D 593 652 1
7 L 0 967 1
7 D 588 967 1
7 L 0 605 1
7 D 588 605 1
7 L 0 375 1
7 D 588 375 1
7 L 0 444 1
7 D 588 444 1
9 L 0 210 1
9 D 588 210 1
9 L 0 468 1
9 D 588 468 1
5 L 0 967 1
5 D 563 967 1
5 L 0 149 1
5 D 563 149 1
3 L 0 333 1
3 D 563 333 1
6 L 0 289 1
6 D 647 289 1
17 L 0 841 1
17 D 410 841 1
17 L 0 375 1
17 D 410 375 1
18 L 0 972 1
18 D 410 972 1
11 L 0 304 1
11 D 112 304 1
11 L 0 994 1
11 D 112 994 1
11 L 0 818 1
11 D 112 818 1
19 L 0 935 1
19 D 112 935 1
15 L 0 514 1
15 D 533 514 1
15 L 0 763 1
15 D 533 763 1
16 L 0 140 1
16 D 533 140 1
13 L 0 992 1
13 D 762 992 1
13 L 0 490 1
13 D 762 490 1
13 L 0 386 1
13 D 762 386 1
13 L 0 899 1
13 D 762 899 1
12 L 0 779 1
12 D 762 779 1
12 L 0 783 1
12 D 762 783 1
10 L 0 484 1
10 D 762 484 1
9 L 0 637 1
9 D 78 637 1
9 L 0 477 1
9 D 78 477 1
9 L 0 210 1
9 D 78 210 1
14 L 0 835 1
14 D 78 835 1
14 L 0 479 1
14 D 78 479 1
3 L 0 62 1
3 D 594 62 1
3 L 0 420 1
3 D 594 420 1
17 L 0 659 1
17 D 420 659 1
17 L 0 81 1
17 D 420 81 1
0 L 0 791 1
0 D 71 791 1
0 L 0 789 1
0 D 71 789 1
0 L 0 465 1
0 D 71 465 1
0 L 0 534 1
0 D 71 534 1
15 L 0 520 1
15 D 71 520 1
2 L 0 620 1
2 D 442 620 1
2 L 0 490 1
2 D 442 490 1
2 L 0 657 1
2 D 442 657 1
2 L 0 809 1
2 D 442 809 1
11 L 0 398 1
11 D 442 398 1
12 L 0 478 1
12 D 207 478 1
12 L 0 121 1
12 D 207 121 1
14 L 0 302 1
14 D 207 302 1
1 L 0 347 1
1 D 207 347 1
7 L 0 384 1
7 D 723 384 1
7 L 0 296 1
7 D 723 296 1
7 L 0 438 1
7 D 723 438 1
7 L 0 440 1
7 D 723 440 1
13 L 0 985 1
13 D 723 985 1
13 L 0 349 1
13 D 723 349 1
3 L 0 453 1
3 D 723 453 1
8 L 0 754 1
8 D 167 754 1
8 L 0 675 1
8 D 167 675 1
9 L 0 805 1
9 D 167 805 1
6 L 0 760 1
6 D 755 760 1
6 L 0 637 1
6 D 755 637 1
4 L 0 431 1
4 D 755 431 1
16 L 0 992 1
16 D 339 992 1
16 L 0 645 1
16 D 339 645 1
16 L 0 8 1
16 D 339 8 1
16 L 0 550 1
16 D 339 550 1
15 L 0 76 1
15 D 339 76 1
15 L 0 303 1
15 D 339 303 1
19 L 0 435 1
19 D 339 435 1
3 L 0 299 1
3 D 204 299 1
3 L 0 283 1
3 D 204 283 1
3 L 0 586 1
3 D 204 586 1
1 L 0 355 1
1 D 204 355 1
12 L 0 717 1
12 D 204 717 1
14 L 0 918 1
14 D 157 918 1
14 L 0 358 1
14 D 157 358 1
14 L 0 623 1
14 D 157 623 1
14 L 0 759 1
14 D 157 759 1
7 L 0 169 1
7 D 157 169 1
7 L 0 948 1
7 D 157 948 1
13 L 0 181 1
13 D 157 181 1
0 L 0 26 1
0 D 711 26 1
0 L 0 231 1
0 D 711 231 1
0 L 0 463 1
0 D 711 463 1
15 L 0 549 1
15 D 711 549 1
5 L 0 514 1
5 D 476 514 1
5 L 0 113 1
5 D 476 113 1
18 L 0 380 1
18 D 476 380 1
11 L 0 86 1
11 D 683 86 1
9 L 0 893 1
9 D 683 893 1
17 L 0 384 1
17 D 473 384 1
17 L 0 81 1
17 D 473 81 1
17 L 0 534 1
17 D 473 534 1
4 L 0 835 1
4 D 473 835 1
4 L 0 496 1
4 D 473 496 1
19 L 0 249 1
19 D 292 249 1
7 L 0 960 1
7 D 292 960 1
13 L 0 68 1
13 D 123 68 1
13 L 0 440 1
13 D 123 440 1
13 L 0 163 1
13 D 123 163 1
3 L 0 671 1
3 D 123 671 1
1 L 0 270 1
1 D 123 270 1
12 L 0 854 1
12 D 285 854 1
12 L 0 444 1
12 D 285 444 1
0 L 0 901 1
0 D 391 901 1
0 L 0 658 1
0 D 391 658 1
0 L 0 153 1
0 D 391 153 1
0 L 0 463 1
0 D 391 463 1
8 L 0 401 1
8 D 391 401 1
9 L 0 809 1
9 D 613 809 1
9 L 0 543 1
9 D 613 543 1
2 L 0 380 1
2 D 613 380 1
19 L 0 513 1
19 D 269 513 1
19 L 0 300 1
19 D 269 300 1
19 L 0 290 1
19 D 269 290 1
19 L 0 17 1
19 D 269 17 1
7 L 0 904 1
7 D 269 904 1
3 L 0 350 1
3 D 269 350 1
6 L 0 508 1
6 D 417 508 1
6 L 0 330 1
6 D 417 330 1
1 L 0 157 1
1 D 417 157 1
4 L 0 162 1
4 D 54 162 1
4 L 0 268 1
4 D 54 268 1
4 L 0 840 1
4 D 54 840 1
17 L 0 10 1
17 D 54 10 1
16 L 0 184 1
16 D 401 184 1
16 L 0 126 1
16 D 401 126 1
16 L 0 531 1
16 D 401 531 1
16 L 0 588 1
16 D 401 588 1
16 L 0 760 1
16 D 401 760 1
15 L 0 65 1
15 D 401 65 1
15 L 0 632 1
15 D 401 632 1
18 L 0 259 1
18 D 628 259 1
18 L 0 432 1
18 D 628 432 1
18 L 0 300 1
18 D 628 300 1
18 L 0 787 1
18 D 628 787 1
7 L 0 343 1
7 D 628 343 1
3 L 0 726 1
3 D 507 726 1
3 L 0 67 1
3 D 507 67 1
3 L 0 659 1
3 D 507 659 1
3 L 0 168 1
3 D 507 168 1
19 L 0 863 1
19 D 507 863 1
5 L 0 453 1
5 D 507 453 1
2 L 0 68 1
2 D 380 68 1
2 L 0 35 1
2 D 380 35 1
2 L 0 163 1
2 D 380 163 1
2 L 0 551 1
2 D 380 551 1
6 L 0 419 1
6 D 380 419 1
6 L 0 991 1
6 D 380 991 1
17 L 0 452 1
17 D 72 452 1
17 L 0 456 1
17 D 72 456 1
17 L 0 297 1
17 D 72 297 1
1 L 0 484 1
1 D 72 484 1
4 L 0 990 1
4 D 161 990 1
4 L 0 743 1
4 D 161 743 1
4 L 0 721 1
4 D 161 721 1
12 L 0 565 1
12 D 161 565 1
11 L 0 781 1
11 D 300 781 1
11 L 0 488 1
11 D 300 488 1
11 L 0 777 1
11 D 300 777 1
11 L 0 870 1
11 D 300 870 1
8 L 0 7 1
8 D 300 7 1
0 L 0 253 1
0 D 406 253 1
0 L 0 787 1
0 D 406 787 1
0 L 0 759 1
0 D 406 759 1
5 L 0 158 1
5 D 406 158 1
14 L 0 129 2
14 D 766 129 2
14 L 0 794 1
14 D 766 794 1
16 L 0 691 1
16 D 766 691 1
13 L 0 992 1
13 D 180 992 1
13 L 0 622 1
13 D 180 622 1
13 L 0 283 1
13 D 180 283 1
13 L 0 765 1
13 D 180 765 1
1 L 0 238 1
1 D 180 238 1
8 L 0 723 1
8 D 608 723 1
8 L 0 591 1
8 D 608 591 1
8 L 0 317 1
8 D 608 317 1
8 L 0 227 1
8 D 608 227 1
19 L 0 219 1
19 D 608 219 1
19 L 0 73 1
19 D 608 73 1
5 L 0 221 1
5 D 608 221 1
9 L 0 62 1
9 D 179 62 1
9 L 0 992 1
9 D 179 992 1
9 L 0 956 1
9 D 179 956 1
9 L 0 783 1
9 D 179 783 1
0 L 0 816 1
0 D 179 816 1
12 L 0 623 1
12 D 654 623 1
12 L 0 58 1
12 D 654 58 1
12 L 0 621 1
12 D 654 621 1
14 L 0 119 1
14 D 654 119 1
15 L 0 461 1
15 D 654 461 1
18 L 0 149 1
18 D 534 149 1
18 L 0 636 1
18 D 534 636 1
18 L 0 518 1
18 D 534 518 1
18 L 0 241 1
18 D 534 241 1
16 L 0 710 1
16 D 534 710 1
16 L 0 772 1
16 D 534 772 1
11 L 0 215 2
11 D 389 215 2
11 L 0 999 1
11 D 389 999 1
6 L 0 816 1
6 D 389 816 1
0 L 0 622 1
0 D 560 622 1
0 L 0 789 1
0 D 560 789 1
0 L 0 168 1
0 D 560 168 1
17 L 0 31 1
17 D 560 31 1
7 L 0 77 1
7 D 39 77 1
7 L 0 512 1
7 D 39 512 1
7 L 0 907 1
7 D 39 907 1
7 L 0 129 1
7 D 39 129 1
13 L 0 618 1
13 D 118 618 1
13 L 0 229 1
13 D 118 229 1
11 L 0 104 1
11 D 500 104 1
11 L 0 335 1
11 D 500 335 1
2 L 0 955 1
2 D 500 955 1
3 L 0 431 1
3 D 500 431 1
9 L 0 680 1
9 D 95 680 1
9 L 0 114 1
9 D 95 114 1
9 L 0 638 1
9 D 95 638 1
10 L 0 525 1
10 D 95 525 1
6 L 0 203 1
6 D 787 203 1
6 L 0 588 1
6 D 787 588 1
6 L 0 168 1
6 D 787 168 1
19 L 0 181 1
19 D 787 181 1
17 L 0 769 1
17 D 334 769 1
17 L 0 794 1
17 D 334 794 1
17 L 0 158 1
17 D 334 158 1
5 L 0 904 1
5 D 334 904 1
14 L 0 417 1
14 D 334 417 1
2 L 0 659 1
2 D 158 659 1
2 L 0 523 1
2 D 158 523 1
2 L 0 109 1
2 D 158 109 1
2 L 0 759 1
2 D 158 759 1
3 L 0 174 1
3 D 158 174 1
8 L 0 223 1
8 D 158 223 1
11 L 0 799 1
11 D 640 799 1
13 L 0 775 1
13 D 640 775 1
16 L 0 22 1
16 D 250 22 1
16 L 0 814 1
16 D 250 814 1
16 L 0 883 1
16 D 250 883 1
16 L 0 796 1
16 D 250 796 1
18 L 0 305 1
18 D 250 305 1
4 L 0 332 1
4 D 250 332 1
12 L 0 231 1
12 D 749 231 1
12 L 0 835 1
12 D 749 835 1
7 L 0 184 1
7 D 248 184 1
7 L 0 162 1
7 D 248 162 1
7 L 0 45 1
7 D 248 45 1
7 L 0 193 1
7 D 248 193 1
7 L 0 751 1
7 D 248 751 1
7 L 0 78 1
7 D 248 78 1
6 L 0 200 1
6 D 248 200 1
15 L 0 216 1
15 D 728 216 1
15 L 0 814 1
15 D 728 814 1
15 L 0 296 1
15 D 728 296 1
15 L 0 823 1
15 D 728 823 1
13 L 0 908 1
13 D 728 908 1
13 L 0 719 1
13 D 728 719 1
11 L 0 133 1
11 D 728 133 1
10 L 0 162 1
10 D 385 162 1
10 L 0 454 1
10 D 385 454 1
10 L 0 622 1
10 D 385 622 1
10 L 0 931 1
10 D 385 931 1
10 L 0 265 1
10 D 385 265 1
10 L 0 96 1
10 D 385 96 1
18 L 0 297 1
18 D 385 297 1
18 L 0 905 1
18 D 385 905 1
5 L 0 805 1
5 D 385 805 1
12 L 0 609 1
12 D 83 609 1
12 L 0 779 1
12 D 83 779 1
2 L 0 423 1
2 D 682 423 1
2 L 0 479 1
2 D 682 479 1
8 L 0 338 1
8 D 682 338 1
16 L 0 217 1
16 D 355 217 1
11 L 0 935 1
11 D 355 935 1
0 L 0 371 1
0 D 45 371 1
0 L 0 198 1
0 D 45 198 1
6 L 0 674 1
6 D 45 674 1
6 L 0 121 1
6 D 45 121 1
1 L 0 208 1
1 D 635 208 1
1 L 0 392 1
1 D 635 392 1
1 L 0 933 1
1 D 635 933 1
15 L 0 401 1
15 D 635 401 1
18 L 0 982 1
18 D 635 982 1
17 L 0 384 1
17 D 602 384 1
17 L 0 885 1
17 D 602 885 1
17 L 0 71 1
17 D 602 71 1
5 L 0 431 1
5 D 602 431 1
10 L 0 456 1
10 D 196 456 1
10 L 0 964 1
10 D 196 964 1
12 L 0 598 1
12 D 196 598 1
19 L 0 966 1
19 D 291 966 1
19 L 0 429 1
19 D 291 429 1
19 L 0 129 1
19 D 291 129 1
19 L 0 809 1
19 D 291 809 1
8 L 0 589 1
8 D 291 589 1
13 L 0 145 1
13 D 307 145 1
13 L 0 815 1
13 D 307 815 1
13 L 0 793 1
13 D 307 793 1
13 L 0 375 1
13 D 307 375 1
5 L 0 365 1
5 D 307 365 1
5 L 0 382 1
5 D 307 382 1
11 L 0 579 1
11 D 307 579 1
17 L 0 995 1
17 D 37 995 1
17 L 0 967 1
17 D 37 967 1
17 L 0 45 1
17 D 37 45 1
17 L 0 684 1
17 D 37 684 1
18 L 0 758 1
18 D 37 758 1
0 L 0 935 1
0 D 37 935 1
15 L 0 86 1
15 D 469 86 1
15 L 0 484 1
15 D 469 484 1
1 L 0 879 1
1 D 469 879 1
7 L 0 622 1
7 D 630 622 1
7 L 0 919 1
7 D 630 919 1
7 L 0 557 1
7 D 630 557 1
7 L 0 848 1
7 D 630 848 1
7 L 0 749 1
7 D 630 749 1
2 L 0 244 1
2 D 630 244 1
3 L 0 136 1
3 D 630 136 1
9 L 0 417 1
9 D 630 417 1
10 L 0 501 1
10 D 601 501 1
19 L 0 883 1
19 D 497 883 1
19 L 0 446 1
19 D 497 446 1
16 L 0 221 1
16 D 497 221 1
5 L 0 488 1
5 D 740 488 1
5 L 0 501 1
5 D 740 501 1
3 L 0 615 1
3 D 740 615 1
6 L 0 488 1
6 D 591 488 1
6 L 0 5 1
6 D 591 5 1
6 L 0 344 1
6 D 591 344 1
0 L 0 562 1
0 D 591 562 1
2 L 0 275 1
2 D 591 275 1
12 L 0 426 1
12 D 138 426 1
12 L 0 786 1
12 D 138 786 1
4 L 0 600 1
4 D 138 600 1
7 L 0 162 1
7 D 312 162 1
7 L 0 926 1
7 D 312 926 1
7 L 0 915 1
7 D 312 915 1
8 L 0 431 1
8 D 312 431 1
3 L 0 876 1
3 D 488 876 1
14 L 0 997 1
14 D 488 997 1
2 L 0 753 1
2 D 450 753 1
2 L 0 115 1
2 D 450 115 1
2 L 0 910 1
2 D 450 910 1
17 L 0 350 1
17 D 450 350 1
19 L 0 286 1
19 D 450 286 1
13 L 0 80 1
13 D 386 80 1
13 L 0 751 1
13 D 386 751 1
13 L 0 958 1
13 D 386 958 1
13 L 0 678 1
13 D 386 678 1
8 L 0 896 1
8 D 386 896 1
5 L 0 157 1
5 D 386 157 1
10 L 0 145 1
10 D 770 145 1
10 L 0 687 1
10 D 770 687 1
10 L 0 126 1
10 D 770 126 1
10 L 0 300 1
10 D 770 300 1
10 L 0 500 1
10 D 770 500 1
10 L 0 439 1
10 D 770 439 1
10 L 0 796 1
10 D 770 796 1
1 L 0 809 1
1 D 770 809 1
1 L 0 684 1
1 D 770 684 1
0 L 0 276 1
0 D 438 276 1
0 L 0 699 1
0 D 438 699 1
0 L 0 794 1
0 D 438 794 1
15 L 0 119 1
15 D 438 119 1
11 L 0 836 1
11 D 438 836 1
2 L 0 513 1
2 D 485 513 1
2 L 0 591 1
2 D 485 591 1
2 L 0 354 1
2 D 485 354 1
2 L 0 349 1
2 D 485 349 1
17 L 0 552 1
17 D 485 552 1
18 L 0 410 1
18 D 485 410 1
19 L 0 264 1
19 D 715 264 1
19 L 0 720 1
19 D 715 720 1
19 L 0 789 1
19 D 715 789 1
19 L 0 379 1
19 D 715 379 1
9 L 0 399 1
9 D 715 399 1
9 L 0 670 1
9 D 715 670 1
14 L 0 802 1
14 D 715 802 1
8 L 0 989 1
8 D 104 989 1
8 L 0 967 1
8 D 104 967 1
8 L 0 79 1
8 D 104 79 1
8 L 0 465 1
8 D 104 465 1
7 L 0 779 1
7 D 104 779 1
12 L 0 373 1
12 D 104 373 1
5 L 0 68 1
5 D 397 68 1
5 L 0 193 1
5 D 397 193 1
5 L 0 189 1
5 D 397 189 1
4 L 0 133 1
4 D 397 133 1
13 L 0 678 1
13 D 345 678 1
13 L 0 129 1
13 D 345 129 1
13 L 0 169 1
13 D 345 169 1
11 L 0 577 1
11 D 345 577 1
3 L 0 257 1
3 D 345 257 1
0 L 0 634 1
0 D 395 634 1
0 L 0 787 1
0 D 395 787 1
10 L 0 337 1
10 D 395 337 1
17 L 0 879 1
17 D 395 879 1
16 L 0 519 1
16 D 510 519 1
16 L 0 489 1
16 D 510 489 1
16 L 0 936 1
16 D 510 936 1
18 L 0 955 1
18 D 510 955 1
18 L 0 740 1
18 D 510 740 1
14 L 0 18 1
14 D 510 18 1
2 L 0 748 1
2 D 684 748 1
2 L 0 821 1
2 D 684 821 1
2 L 0 680 1
2 D 684 680 1
2 L 0 720 1
2 D 684 720 1
2 L 0 208 1
2 D 684 208 1
19 L 0 647 1
19 D 684 647 1
19 L 0 383 1
19 D 684 383 1
9 L 0 266 1
9 D 684 266 1
7 L 0 967 1
7 D 599 967 1
7 L 0 813 1
7 D 599 813 1
12 L 0 59 1
12 D 599 59 1
15 L 0 687 1
15 D 31 687 1
15 L 0 880 1
15 D 31 880 1
14 L 0 109 1
14 D 44 109 1
14 L 0 398 1
14 D 44 398 1
14 L 0 835 1
14 D 44 835 1
3 L 0 403 1
3 D 44 403 1
5 L 0 426 1
5 D 610 426 1
5 L 0 372 1
5 D 610 372 1
5 L 0 996 1
5 D 610 996 1
16 L 0 445 1
16 D 610 445 1
9 L 0 252 1
9 D 423 252 1
9 L 0 575 1
9 D 423 575 1
9 L 0 814 1
9 D 423 814 1
9 L 0 96 1
9 D 423 96 1
10 L 0 896 1
10 D 423 896 1
10 L 0 719 1
10 D 423 719 1
1 L 0 531 1
1 D 793 531 1
1 L 0 491 1
1 D 793 491 1
1 L 0 828 1
1 D 793 828 1
0 L 0 897 1
0 D 793 897 1
6 L 0 328 1
6 D 236 328 1
6 L 0 13 1
6 D 236 13 1
6 L 0 278 1
6 D 236 278 1
6 L 0 732 1
6 D 236 732 1
6 L 0 71 1
6 D 236 71 1
15 L 0 247 1
15 D 236 247 1
15 L 0 113 1
15 D 236 113 1
12 L 0 726 1
12 D 637 726 1
12 L 0 344 1
12 D 637 344 1
12 L 0 392 1
12 D 637 392 1
13 L 0 713 1
13 D 637 713 1
17 L 0 995 1
17 D 650 995 1
17 L 0 926 1
17 D 650 926 1
17 L 0 888 1
17 D 650 888 1
17 L 0 841 1
17 D 650 841 1
14 L 0 142 1
14 D 650 142 1
14 L 0 904 1
14 D 650 904 1
10 L 0 513 1
10 D 219 513 1
10 L 0 937 1
10 D 219 937 1
10 L 0 623 1
10 D 219 623 1
10 L 0 208 1
10 D 219 208 1
10 L 0 438 2
10 D 219 438 2
16 L 0 468 1
16 D 219 468 1
16 L 0 73 1
16 D 219 73 1
9 L 0 928 1
9 D 219 928 1
1 L 0 252 1
1 D 483 252 1
1 L 0 602 1
1 D 483 602 1
1 L 0 904 1
1 D 483 904 1
19 L 0 537 1
19 D 483 537 1
11 L 0 168 1
11 D 270 168 1
11 L 0 375 1
11 D 270 375 1
11 L 0 999 1
11 D 270 999 1
8 L 0 7 1
8 D 270 7 1
3 L 0 441 1
3 D 223 441 1
3 L 0 105 1
3 D 223 105 1
3 L 0 372 1
3 D 223 372 1
7 L 0 285 1
7 D 223 285 1
2 L 0 215 1
2 D 661 215 1
2 L 0 278 1
2 D 661 278 1
2 L 0 434 1
2 D 661 434 1
2 L 0 268 1
2 D 661 268 1
2 L 0 678 1
2 D 661 678 1
12 L 0 416 1
12 D 661 416 1
12 L 0 904 1
12 D 661 904 1
18 L 0 802 1
18 D 661 802 1
16 L 0 126 1
16 D 623 126 1
16 L 0 531 1
16 D 623 531 1
16 L 0 105 1
16 D 623 105 1
16 L 0 392 1
16 D 623 392 1
0 L 0 706 1
0 D 623 706 1
0 L 0 219 1
0 D 623 219 1
1 L 0 739 1
1 D 623 739 1
4 L 0 657 1
4 D 267 657 1
4 L 0 707 1
4 D 267 707 1
4 L 0 1 1
4 D 267 1 1
17 L 0 744 1
17 D 267 744 1
17 L 0 349 1
17 D 267 349 1
15 L 0 384 1
15 D 554 384 1
15 L 0 168 1
15 D 554 168 1
15 L 0 446 1
15 D 554 446 1
15 L 0 189 1
15 D 554 189 1
8 L 0 11 1
8 D 554 11 1
8 L 0 730 1
8 D 554 730 1
13 L 0 615 1
13 D 554 615 1
7 L 0 455 1
7 D 126 455 1
3 L 0 945 1
3 D 629 945 1
3 L 0 94 1
3 D 629 94 1
3 L 0 814 1
3 D 629 814 1
3 L 0 984 1
3 D 629 984 1
12 L 0 991 1
12 D 629 991 1
5 L 0 553 1
5 D 629 553 1
14 L 0 623 1
14 D 296 623 1
14 L 0 29 1
14 D 296 29 1
14 L 0 28 1
14 D 296 28 1
14 L 0 958 1
14 D 296 958 1
14 L 0 310 1
14 D 296 310 1
17 L 0 764 2
17 D 296 764 2
1 L 0 212 1
1 D 296 212 1
4 L 0 823 1
4 D 49 823 1
4 L 0 189 1
4 D 49 189 1
4 L 0 808 1
4 D 49 808 1
19 L 0 185 1
19 D 49 185 1
0 L 0 520 1
0 D 49 520 1
13 L 0 618 1
13 D 577 618 1
13 L 0 741 1
13 D 577 741 1
13 L 0 637 1
13 D 577 637 1
8 L 0 691 1
8 D 577 691 1
11 L 0 628 1
11 D 577 628 1
6 L 0 513 1
6 D 686 513 1
6 L 0 454 1
6 D 686 454 1
6 L 0 547 1
6 D 686 547 1
6 L 0 443 1
6 D 686 443 1
6 L 0 877 1
6 D 686 877 1
6 L 0 290 1
6 D 686 290 1
7 L 0 376 1
7 D 686 376 1
7 L 0 210 1
7 D 686 210 1
9 L 0 455 2
9 D 686 455 2
18 L 0 230 1
18 D 424 230 1
18 L 0 122 1
18 D 424 122 1
18 L 0 794 1
18 D 424 794 1
12 L 0 674 1
12 D 424 674 1
5 L 0 862 1
5 D 424 862 1
0 L 0 959 1
0 D 412 959 1
0 L 0 547 1
0 D 412 547 1
0 L 0 875 1
0 D 412 875 1
0 L 0 854 1
0 D 412 854 1
19 L 0 668 1
19 D 412 668 1
4 L 0 715 1
4 D 412 715 1
3 L 0 547 1
3 D 698 547 1
3 L 0 283 1
3 D 698 283 1
3 L 0 446 1
3 D 698 446 1
3 L 0 452 1
3 D 698 452 1
1 L 0 794 1
1 D 698 794 1
1 L 0 158 1
1 D 698 158 1
8 L 0 727 1
8 D 698 727 1
8 L 0 834 1
8 D 698 834 1
11 L 0 52 1
11 D 6 52 1
11 L 0 851 1
11 D 6 851 1
13 L 0 142 1
13 D 6 142 1
14 L 0 607 1
14 D 6 607 1
5 L 0 452 1
5 D 523 452 1
5 L 0 908 1
5 D 523 908 1
16 L 0 538 1
16 D 523 538 1
9 L 0 184 1
9 D 278 184 1
9 L 0 518 1
9 D 278 518 1
9 L 0 398 1
9 D 278 398 1
10 L 0 219 1
10 D 278 219 1
10 L 0 737 1
10 D 278 737 1
0 L 0 881 1
0 D 278 881 1
4 L 0 605 1
4 D 738 605 1
4 L 0 317 1
4 D 738 317 1
4 L 0 52 1
4 D 738 52 1
4 L 0 564 1
4 D 738 564 1
7 L 0 73 1
7 D 738 73 1
17 L 0 257 1
17 D 738 257 1
15 L 0 220 1
15 D 47 220 1
8 L 0 138 1
8 D 609 138 1
8 L 0 818 1
8 D 609 818 1
13 L 0 166 1
13 D 609 166 1
14 L 0 283 1
14 D 457 283 1
14 L 0 939 1
14 D 457 939 1
14 L 0 168 1
14 D 457 168 1
14 L 0 823 1
14 D 457 823 1
16 L 0 465 1
16 D 457 465 1
16 L 0 489 1
16 D 457 489 1
16 L 0 597 1
16 D 457 597 1
18 L 0 626 1
18 D 457 626 1
19 L 0 112 1
19 D 69 112 1
19 L 0 694 1
19 D 69 694 1
19 L 0 885 1
19 D 69 885 1
19 L 0 950 1
19 D 69 950 1
2 L 0 58 1
2 D 69 58 1
2 L 0 644 1
2 D 69 644 1
2 L 0 444 1
2 D 69 444 1
17 L 0 722 1
17 D 69 722 1
4 L 0 726 1
4 D 215 726 1
4 L 0 753 1
4 D 215 753 1
4 L 0 528 1
4 D 215 528 1
7 L 0 811 1
7 D 215 811 1
11 L 0 179 1
11 D 618 179 1
11 L 0 899 1
11 D 618 899 1
11 L 0 807 1
11 D 618 807 1
1 L 0 756 1
1 D 618 756 1
13 L 0 962 1
13 D 384 962 1
13 L 0 821 1
13 D 384 821 1
13 L 0 765 1
13 D 384 765 1
13 L 0 433 1
13 D 384 433 1
10 L 0 284 1
10 D 384 284 1
9 L 0 413 1
9 D 695 413 1
9 L 0 726 1
9 D 695 726 1
9 L 0 851 1
9 D 695 851 1
5 L 0 41 1
5 D 695 41 1
14 L 0 254 1
14 D 99 254 1
14 L 0 138 1
14 D 99 138 1
14 L 0 644 1
14 D 99 644 1
14 L 0 297 1
14 D 99 297 1
15 L 0 334 1
15 D 99 334 1
19 L 0 132 1
19 D 99 132 1
17 L 0 937 1
17 D 177 937 1
17 L 0 748 1
17 D 177 748 1
17 L 0 769 1
17 D 177 769 1
17 L 0 78 1
17 D 177 78 1
17 L 0 25 1
17 D 177 25 1
2 L 0 864 1
2 D 177 864 1
3 L 0 87 1
3 D 177 87 1
7 L 0 105 1
7 D 29 105 1
7 L 0 787 1
7 D 29 787 1
12 L 0 863 1
12 D 29 863 1
10 L 0 804 1
10 D 520 804 1
10 L 0 591 1
10 D 520 591 1
10 L 0 680 1
10 D 520 680 1
10 L 0 777 1
10 D 520 777 1
10 L 0 956 1
10 D 520 956 1
4 L 0 11 1
4 D 520 11 1
4 L 0 964 1
4 D 520 964 1
11 L 0 338 1
11 D 520 338 1
6 L 0 869 1
6 D 10 869 1
6 L 0 564 1
6 D 10 564 1
6 L 0 787 1
6 D 10 787 1
15 L 0 404 2
15 D 10 404 2
18 L 0 617 1
18 D 10 617 1
19 L 0 235 1
19 D 421 235 1
1 L 0 492 1
1 D 421 492 1
16 L 0 525 1
16 D 421 525 1
12 L 0 299 1
12 D 88 299 1
12 L 0 919 1
12 D 88 919 1
12 L 0 699 1
12 D 88 699 1
13 L 0 228 1
13 D 88 228 1
8 L 0 433 1
8 D 797 433 1
4 L 0 122 1
4 D 76 122 1
4 L 0 537 1
4 D 76 537 1
19 L 0 962 1
19 D 40 962 1
19 L 0 215 1
19 D 40 215 1
19 L 0 512 1
19 D 40 512 1
19 L 0 824 1
19 D 40 824 1
19 L 0 183 1
19 D 40 183 1
1 L 0 86 1
1 D 40 86 1
1 L 0 772 1
1 D 40 772 1
5 L 0 305 1
5 D 40 305 1
10 L 0 726 1
10 D 208 726 1
10 L 0 967 1
10 D 208 967 1
10 L 0 769 1
10 D 208 769 1
10 L 0 446 1
10 D 208 446 1
6 L 0 834 1
6 D 208 834 1
6 L 0 111 1
6 D 208 111 1
16 L 0 390 1
16 D 208 390 1
17 L 0 184 1
17 D 82 184 1
17 L 0 591 1
17 D 82 591 1
17 L 0 658 1
17 D 82 658 1
17 L 0 114 1
17 D 82 114 1
17 L 0 886 1
17 D 82 886 1
0 L 0 827 1
0 D 82 827 1
2 L 0 589 1
2 D 82 589 1
12 L 0 684 1
12 D 722 684 1
3 L 0 61 1
3 D 722 61 1
14 L 0 517 1
14 D 726 517 1
14 L 0 454 1
14 D 726 454 1
14 L 0 426 1
14 D 726 426 1
14 L 0 88 1
14 D 726 88 1
14 L 0 994 1
14 D 726 994 1
13 L 0 722 1
13 D 726 722 1
18 L 0 114 1
18 D 284 114 1
18 L 0 707 1
18 D 284 707 1
18 L 0 884 1
18 D 284 884 1
5 L 0 219 1
5 D 284 219 1
5 L 0 861 1
5 D 284 861 1
19 L 0 896 1
19 D 284 896 1
16 L 0 346 1
16 D 284 346 1
4 L 0 299 1
4 D 142 299 1
4 L 0 622 1
4 D 142 622 1
4 L 0 429 1
4 D 142 429 1
4 L 0 605 1
4 D 142 605 1
4 L 0 196 1
4 D 142 196 1
7 L 0 125 1
7 D 142 125 1
7 L 0 247 1
7 D 142 247 1
7 L 0 779 1
7 D 142 779 1
9 L 0 750 1
9 D 142 750 1
10 L 0 303 1
10 D 729 303 1
10 L 0 121 1
10 D 729 121 1
0 L 0 332 1
0 D 729 332 1
8 L 0 512 1
8 D 622 512 1
8 L 0 819 1
8 D 622 819 1
8 L 0 399 1
8 D 622 399 1
12 L 0 594 1
12 D 622 594 1
19 L 0 517 1
19 D 513 517 1
19 L 0 112 1
19 D 513 112 1
19 L 0 278 1
19 D 513 278 1
19 L 0 114 1
19 D 513 114 1
19 L 0 883 1
19 D 513 883 1
3 L 0 779 1
3 D 513 779 1
18 L 0 595 1
18 D 513 595 1
11 L 0 257 1
11 D 513 257 1
1 L 0 522 1
1 D 513 522 1
15 L 0 432 1
15 D 705 432 1
15 L 0 189 1
15 D 705 189 1
15 L 0 786 1
15 D 705 786 1
16 L 0 116 1
16 D 705 116 1
14 L 0 285 1
14 D 705 285 1
9 L 0 435 1
9 D 440 435 1
6 L 0 338 1
6 D 440 338 1
2 L 0 669 1
2 D 440 669 1
7 L 0 197 1
7 D 527 197 1
7 L 0 557 1
7 D 527 557 1
7 L 0 434 1
7 D 527 434 1
7 L 0 255 1
7 D 527 255 1
7 L 0 105 1
7 D 527 105 1
18 L 0 241 1
18 D 527 241 1
18 L 0 743 1
18 D 527 743 1
0 L 0 540 1
0 D 527 540 1
19 L 0 508 1
19 D 790 508 1
19 L 0 52 1
19 D 790 52 1
19 L 0 730 1
19 D 790 730 1
11 L 0 780 1
11 D 790 780 1
1 L 0 199 1
1 D 790 199 1
5 L 0 726 1
5 D 235 726 1
5 L 0 509 1
5 D 235 509 1
5 L 0 216 1
5 D 235 216 1
5 L 0 371 1
5 D 235 371 1
8 L 0 730 1
8 D 235 730 1
8 L 0 289 1
8 D 235 289 1
13 L 0 862 1
13 D 235 862 1
15 L 0 789 1
15 D 114 789 1
15 L 0 907 1
15 D 114 907 1
15 L 0 405 1
15 D 114 405 1
9 L 0 802 1
9 D 114 802 1
14 L 0 965 1
14 D 114 965 1
10 L 0 255 1
10 D 576 255 1
10 L 0 398 1
10 D 576 398 1
3 L 0 461 1
3 D 576 461 1
18 L 0 642 1
18 D 576 642 1
1 L 0 748 1
1 D 592 748 1
1 L 0 278 1
1 D 592 278 1
1 L 0 823 1
1 D 592 823 1
1 L 0 96 1
1 D 592 96 1
2 L 0 231 1
2 D 592 231 1
2 L 0 89 1
2 D 592 89 1
4 L 0 803 1
4 D 592 803 1
17 L 0 617 1
17 D 592 617 1
19 L 0 123 1
19 D 336 123 1
19 L 0 372 1
19 D 336 372 1
19 L 0 809 1
19 D 336 809 1
0 L 0 801 1
0 D 336 801 1
7 L 0 927 1
7 D 336 927 1
6 L 0 126 1
6 D 435 126 1
6 L 0 137 1
6 D 435 137 1
6 L 0 985 1
6 D 435 985 1
6 L 0 892 1
6 D 435 892 1
9 L 0 498 1
9 D 435 498 1
9 L 0 822 1
9 D 435 822 1
13 L 0 632 1
13 D 189 632 1
13 L 0 900 1
13 D 189 900 1
8 L 0 556 1
8 D 189 556 1
10 L 0 778 1
10 D 614 778 1
10 L 0 966 1
10 D 614 966 1
10 L 0 901 1
10 D 614 901 1
10 L 0 68 1
10 D 614 68 1
10 L 0 33 1
10 D 614 33 1
10 L 0 287 1
10 D 614 287 1
2 L 0 153 1
2 D 614 153 1
2 L 0 754 1
2 D 614 754 1
18 L 0 257 1
18 D 614 257 1
5 L 0 96 1
5 D 516 96 1
5 L 0 884 1
5 D 516 884 1
5 L 0 583 1
5 D 516 583 1
17 L 0 728 1
17 D 516 728 1
17 L 0 904 1
17 D 516 904 1
7 L 0 553 1
7 D 516 553 1
12 L 0 640 1
12 D 777 640 1
12 L 0 247 1
12 D 777 247 1
1 L 0 261 1
1 D 777 261 1
19 L 0 717 1
19 D 777 717 1
14 L 0 218 1
14 D 280 218 1
14 L 0 456 1
14 D 280 456 1
14 L 0 489 1
14 D 280 489 1
15 L 0 553 1
15 D 280 553 1
19 L 0 283 1
19 D 688 283 1
19 L 0 265 1
19 D 688 265 1
19 L 0 920 1
19 D 688 920 1
0 L 0 719 1
0 D 688 719 1
11 L 0 453 1
11 D 688 453 1
4 L 0 513 1
4 D 484 513 1
4 L 0 426 1
4 D 484 426 1
4 L 0 149 1
4 D 484 149 1
4 L 0 500 1
4 D 484 500 1
4 L 0 344 1
4 D 484 344 1
4 L 0 678 1
4 D 484 678 1
9 L 0 191 1
9 D 484 191 1
9 L 0 942 1
9 D 484 942 1
2 L 0 713 1
2 D 484 713 1
13 L 0 179 1
13 D 649 179 1
13 L 0 732 1
13 D 649 732 1
13 L 0 122 1
13 D 649 122 1
7 L 0 539 1
7 D 649 539 1
15 L 0 584 1
15 D 14 584 1
15 L 0 283 1
15 D 14 283 1
15 L 0 655 1
15 D 14 655 1
15 L 0 846 1
15 D 14 846 1
15 L 0 688 1
15 D 14 688 1
14 L 0 468 1
14 D 14 468 1
5 L 0 988 1
5 D 14 988 1
12 L 0 216 1
12 D 327 216 1
12 L 0 35 1
12 D 327 35 1
19 L 0 553 1
19 D 327 553 1
9 L 0 299 1
9 D 394 299 1
9 L 0 967 1
9 D 394 967 1
9 L 0 659 1
9 D 394 659 1
9 L 0 406 1
9 D 394 406 1
9 L 0 5 1
9 D 394 5 1
18 L 0 335 1
18 D 394 335 1
18 L 0 219 1
18 D 394 219 1
2 L 0 214 1
2 D 394 214 1
8 L 0 687 1
8 D 792 687 1
8 L 0 623 1
8 D 792 623 1
8 L 0 384 1
8 D 792 384 1
8 L 0 841 1
8 D 792 841 1
10 L 0 501 1
10 D 792 501 1
10 L 0 615 1
10 D 792 615 1
14 L 0 500 1
14 D 506 500 1
14 L 0 605 1
14 D 506 605 1
14 L 0 777 1
14 D 506 777 1
14 L 0 123 1
14 D 506 123 1
14 L 0 290 1
14 D 506 290 1
0 L 0 297 1
0 D 506 297 1
0 L 0 92 1
0 D 506 92 1
4 L 0 367 1
4 D 506 367 1
19 L 0 534 1
19 D 447 534 1
19 L 0 710 1
19 D 447 710 1
17 L 0 218 1
17 D 518 218 1
17 L 0 72 1
17 D 518 72 1
17 L 0 807 1
17 D 518 807 1
10 L 0 238 1
10 D 518 238 1
1 L 0 767 1
1 D 518 767 1
5 L 0 184 1
5 D 425 184 1
5 L 0 432 1
5 D 425 432 1
5 L 0 992 1
5 D 425 992 1
5 L 0 112 1
5 D 425 112 1
5 L 0 723 1
5 D 425 723 1
5 L 0 604 1
5 D 425 604 1
5 L 0 789 1
5 D 425 789 1
7 L 0 796 1
7 D 425 796 1
7 L 0 765 1
7 D 425 765 1
7 L 0 498 1
7 D 425 498 1
12 L 0 226 1
12 D 425 226 1
12 L 0 625 1
12 D 425 625 1
16 L 0 481 1
16 D 425 481 1
0 L 0 386 1
0 D 778 386 1
0 L 0 720 1
0 D 778 720 1
0 L 0 604 1
0 D 778 604 1
0 L 0 163 1
0 D 778 163 1
2 L 0 219 1
2 D 778 219 1
2 L 0 365 1
2 D 778 365 1
13 L 0 136 1
13 D 778 136 1
6 L 0 391 1
6 D 778 391 1
18 L 0 699 1
18 D 555 699 1
18 L 0 985 1
18 D 555 985 1
18 L 0 334 1
18 D 555 334 1
11 L 0 691 1
11 D 555 691 1
14 L 0 622 1
14 D 494 622 1
14 L 0 426 1
14 D 494 426 1
14 L 0 384 1
14 D 494 384 1
14 L 0 28 1
14 D 494 28 1
14 L 0 440 1
14 D 494 440 1
15 L 0 892 1
15 D 494 892 1
15 L 0 261 1
15 D 494 261 1
19 L 0 27 1
19 D 494 27 1
13 L 0 844 1
13 D 494 844 1
16 L 0 216 1
16 D 178 216 1
16 L 0 688 1
16 D 178 688 1
16 L 0 243 1
16 D 178 243 1
0 L 0 401 1
0 D 178 401 1
7 L 0 27 1
7 D 178 27 1
1 L 0 687 1
1 D 101 687 1
1 L 0 81 1
1 D 101 81 1
1 L 0 183 1
1 D 101 183 1
3 L 0 896 1
3 D 101 896 1
12 L 0 756 1
12 D 101 756 1
4 L 0 28 1
4 D 434 28 1
5 L 0 862 1
5 D 434 862 1
15 L 0 587 1
15 D 660 587 1
15 L 0 483 1
15 D 660 483 1
15 L 0 962 1
15 D 660 962 1
15 L 0 776 1
15 D 660 776 1
15 L 0 159 1
15 D 660 159 1
15 L 0 420 1
15 D 660 420 1
2 L 0 398 1
2 D 660 398 1
2 L 0 102 1
2 D 660 102 1
9 L 0 879 1
9 D 660 879 1
10 L 0 265 1
10 D 757 265 1
10 L 0 488 1
10 D 757 488 1
10 L 0 189 1
10 D 757 189 1
10 L 0 34 1
10 D 757 34 1
0 L 0 727 1
0 D 757 727 1
16 L 0 521 1
16 D 757 521 1
19 L 0 164 1
19 D 757 164 1
11 L 0 753 1
11 D 585 753 1
11 L 0 128 1
11 D 585 128 1
11 L 0 114 1
11 D 585 114 1
11 L 0 420 1
11 D 585 420 1
12 L 0 806 1
12 D 585 806 1
13 L 0 424 1
13 D 585 424 1
3 L 0 698 1
3 D 585 698 1
8 L 0 432 1
8 D 202 432 1
8 L 0 203 1
8 D 202 203 1
8 L 0 931 1
8 D 202 931 1
8 L 0 227 1
8 D 202 227 1
8 L 0 183 1
8 D 202 183 1
17 L 0 463 1
17 D 202 463 1
9 L 0 903 1
9 D 202 903 1
14 L 0 296 1
14 D 382 296 1
14 L 0 81 1
14 D 382 81 1
14 L 0 882 1
14 D 382 882 1
2 L 0 857 1
2 D 382 857 1
2 L 0 382 1
2 D 382 382 1
18 L 0 549 1
18 D 382 549 1
0 L 0 490 1
0 D 33 490 1
0 L 0 854 1
0 D 33 854 1
7 L 0 562 1
7 D 33 562 1
16 L 0 553 1
16 D 33 553 1
19 L 0 927 1
19 D 33 927 1
6 L 0 937 1
6 D 15 937 1
6 L 0 50 1
6 D 15 50 1
6 L 0 413 1
6 D 15 413 1
6 L 0 723 1
6 D 15 723 1
6 L 0 159 1
6 D 15 159 1
6 L 0 926 1
6 D 15 926 1
17 L 0 78 1
17 D 15 78 1
17 L 0 790 1
17 D 15 790 1
4 L 0 786 1
4 D 15 786 1
3 L 0 918 1
3 D 413 918 1
3 L 0 945 1
3 D 413 945 1
3 L 0 434 1
3 D 413 434 1
3 L 0 218 1
3 D 413 218 1
3 L 0 815 1
3 D 413 815 1
10 L 0 463 1
10 D 413 463 1
10 L 0 401 1
10 D 413 401 1
1 L 0 761 1
1 D 413 761 1
18 L 0 862 1
18 D 413 862 1
9 L 0 908 1
9 D 765 908 1
9 L 0 684 1
9 D 765 684 1
14 L 0 910 1
14 D 765 910 1
8 L 0 475 1
8 D 765 475 1
15 L 0 216 1
15 D 573 216 1
15 L 0 81 1
15 D 573 81 1
15 L 0 754 1
15 D 573 754 1
7 L 0 772 1
7 D 573 772 1
7 L 0 238 1
7 D 573 238 1
16 L 0 186 1
16 D 573 186 1
0 L 0 958 1
0 D 120 958 1
0 L 0 794 1
0 D 120 794 1
0 L 0 743 1
0 D 120 743 1
1 L 0 979 1
1 D 120 979 1
2 L 0 577 1
2 D 120 577 1
10 L 0 360 1
10 D 230 360 1
10 L 0 789 1
10 D 230 789 1
10 L 0 372 1
10 D 230 372 1
5 L 0 431 1
5 D 230 431 1
12 L 0 286 1
12 D 230 286 1
4 L 0 513 1
4 D 55 513 1
4 L 0 80 1
4 D 55 80 1
4 L 0 956 1
4 D 55 956 1
4 L 0 798 1
4 D 55 798 1
4 L 0 964 1
4 D 55 964 1
17 L 0 835 1
17 D 55 835 1
17 L 0 925 1
17 D 55 925 1
16 L 0 112 1
16 D 221 112 1
16 L 0 547 1
16 D 221 547 1
16 L 0 392 1
16 D 221 392 1
16 L 0 644 1
16 D 221 644 1
7 L 0 991 1
7 D 221 991 1
15 L 0 521 1
15 D 221 521 1
14 L 0 769 1
14 D 135 769 1
14 L 0 508 1
14 D 135 508 1
14 L 0 406 1
14 D 135 406 1
14 L 0 182 1
14 D 135 182 1
8 L 0 204 1
8 D 135 204 1
1 L 0 661 1
1 D 369 661 1
1 L 0 992 1
1 D 369 992 1
1 L 0 883 1
1 D 369 883 1
18 L 0 302 1
18 D 369 302 1
3 L 0 432 1
3 D 558 432 1
3 L 0 967 1
3 D 558 967 1
3 L 0 68 1
3 D 558 68 1
3 L 0 384 1
3 D 558 384 1
3 L 0 152 1
3 D 558 152 1
3 L 0 877 1
3 D 558 877 1
17 L 0 97 1
17 D 558 97 1
17 L 0 54 1
17 D 558 54 1
19 L 0 597 1
19 D 7 597 1
19 L 0 297 1
19 D 7 297 1
11 L 0 739 1
11 D 7 739 1
5 L 0 51 1
5 D 7 51 1
9 L 0 276 1
9 D 171 276 1
9 L 0 919 1
9 D 171 919 1
9 L 0 278 1
9 D 171 278 1
9 L 0 787 1
9 D 171 787 1
12 L 0 580 1
12 D 171 580 1
12 L 0 219 1
12 D 171 219 1
15 L 0 31 1
15 D 171 31 1
8 L 0 512 1
8 D 60 512 1
8 L 0 510 1
8 D 60 510 1
8 L 0 8 1
8 D 60 8 1
8 L 0 71 1
8 D 60 71 1
13 L 0 405 1
13 D 60 405 1
13 L 0 419 1
13 D 60 419 1
16 L 0 832 1
16 D 60 832 1
14 L 0 358 1
14 D 225 358 1
14 L 0 920 1
14 D 225 920 1
14 L 0 125 1
14 D 225 125 1
10 L 0 736 1
10 D 225 736 1
19 L 0 470 1
19 D 225 470 1
4 L 0 50 1
4 D 329 50 1
4 L 0 937 1
4 D 329 937 1
4 L 0 283 1
4 D 329 283 1
4 L 0 276 1
4 D 329 276 1
4 L 0 939 1
4 D 329 939 1
4 L 0 96 1
4 D 329 96 1
5 L 0 841 1
5 D 329 841 1
5 L 0 765 1
5 D 329 765 1
5 L 0 104 1
5 D 329 104 1
11 L 0 301 1
11 D 329 301 1
2 L 0 360 1
2 D 565 360 1
2 L 0 253 1
2 D 565 253 1
2 L 0 268 1
2 D 565 268 1
2 L 0 245 1
2 D 565 245 1
2 L 0 79 1
2 D 565 79 1
3 L 0 251 1
3 D 565 251 1
3 L 0 95 1
3 D 565 95 1
18 L 0 337 1
18 D 565 337 1
15 L 0 47 1
15 D 165 47 1
15 L 0 659 1
15 D 165 659 1
15 L 0 557 1
15 D 165 557 1
15 L 0 406 1
15 D 165 406 1
15 L 0 35 1
15 D 165 35 1
16 L 0 856 1
16 D 165 856 1
16 L 0 621 1
16 D 165 621 1
13 L 0 505 1
13 D 165 505 1
8 L 0 180 1
8 D 165 180 1
14 L 0 392 1
14 D 690 392 1
14 L 0 465 1
14 D 690 465 1
14 L 0 970 1
14 D 690 970 1
19 L 0 948 1
19 D 690 948 1
19 L 0 468 1
19 D 690 468 1
10 L 0 750 1
10 D 690 750 1
17 L 0 22 1
17 D 569 22 1
17 L 0 488 1
17 D 569 488 1
17 L 0 701 1
17 D 569 701 1
11 L 0 181 1
11 D 569 181 1
13 L 0 346 1
13 D 569 346 1
16 L 0 29 1
16 D 333 29 1
16 L 0 296 1
16 D 333 296 1
16 L 0 632 1
16 D 333 632 1
18 L 0 790 1
18 D 333 790 1
18 L 0 419 1
18 D 333 419 1
5 L 0 849 1
5 D 333 849 1
5 L 0 312 1
5 D 333 312 1
8 L 0 935 1
8 D 333 935 1
12 L 0 483 1
12 D 132 483 1
12 L 0 726 1
12 D 132 726 1
12 L 0 945 1
12 D 132 945 1
12 L 0 950 1
12 D 132 950 1
12 L 0 796 1
12 D 132 796 1
1 L 0 742 1
1 D 132 742 1
1 L 0 779 1
1 D 132 779 1
1 L 0 398 1
1 D 132 398 1
2 L 0 737 1
2 D 132 737 1
2 L 0 382 1
2 D 132 382 1
3 L 0 591 1
3 D 657 591 1
3 L 0 360 1
3 D 657 360 1
3 L 0 490 1
3 D 657 490 1
3 L 0 680 1
3 D 657 680 1
3 L 0 841 1
3 D 657 841 1
4 L 0 819 1
4 D 657 819 1
4 L 0 787 1
4 D 657 787 1
4 L 0 158 1
4 D 657 158 1
14 L 0 537 1
14 D 657 537 1
19 L 0 777 1
19 D 84 777 1
19 L 0 503 1
19 D 84 503 1
19 L 0 851 1
19 D 84 851 1
6 L 0 806 1
6 D 84 806 1
8 L 0 613 1
8 D 84 613 1
0 L 0 587 1
0 D 685 587 1
0 L 0 63 2
0 D 685 63 2
0 L 0 741 1
0 D 685 741 1
0 L 0 877 1
0 D 685 877 1
0 L 0 688 1
0 D 685 688 1
16 L 0 420 1
16 D 685 420 1
16 L 0 794 1
16 D 685 794 1
13 L 0 850 1
13 D 685 850 1
5 L 0 520 1
5 D 685 520 1
7 L 0 699 1
7 D 526 699 1
7 L 0 35 1
7 D 526 35 1
15 L 0 299 1
15 D 75 299 1
15 L 0 63 1
15 D 75 63 1
15 L 0 953 1
15 D 75 953 1
15 L 0 83 1
15 D 75 83 1
15 L 0 392 1
15 D 75 392 1
1 L 0 663 1
1 D 75 663 1
1 L 0 251 1
1 D 75 251 1
14 L 0 737 1
14 D 75 737 1
10 L 0 254 1
10 D 727 254 1
10 L 0 429 1
10 D 727 429 1
10 L 0 924 1
10 D 727 924 1
10 L 0 296 1
10 D 727 296 1
10 L 0 84 1
10 D 727 84 1
6 L 0 139 1
6 D 727 139 1
6 L 0 502 1
6 D 727 502 1
3 L 0 357 1
3 D 727 357 1
3 L 0 755 1
3 D 727 755 1
19 L 0 411 1
19 D 727 411 1
16 L 0 255 1
16 D 203 255 1
16 L 0 96 1
16 D 203 96 1
16 L 0 819 1
16 D 203 819 1
17 L 0 603 1
17 D 203 603 1
17 L 0 794 1
17 D 203 794 1
17 L 0 975 1
17 D 203 975 1
13 L 0 54 1
13 D 203 54 1
7 L 0 741 1
7 D 36 741 1
7 L 0 384 2
7 D 36 384 2
7 L 0 609 1
7 D 36 609 1
7 L 0 139 1
7 D 36 139 1
0 L 0 736 1
0 D 36 736 1
0 L 0 484 1
0 D 36 484 1
9 L 0 51 1
9 D 36 51 1
14 L 0 852 1
14 D 433 852 1
14 L 0 317 1
14 D 433 317 1
14 L 0 899 1
14 D 433 899 1
14 L 0 369 1
14 D 433 369 1
6 L 0 876 1
6 D 433 876 1
6 L 0 121 1
6 D 433 121 1
12 L 0 859 1
12 D 433 859 1
2 L 0 687 1
2 D 719 687 1
2 L 0 707 1
2 D 719 707 1
2 L 0 743 1
2 D 719 743 1
3 L 0 896 1
3 D 719 896 1
3 L 0 435 1
3 D 719 435 1
9 L 0 561 1
9 D 719 561 1
4 L 0 820 1
4 D 226 820 1
4 L 0 435 1
4 D 226 435 1
8 L 0 332 1
8 D 226 332 1
0 L 0 300 1
0 D 617 300 1
0 L 0 45 1
0 D 617 45 1
0 L 0 557 1
0 D 617 557 1
0 L 0 950 1
0 D 617 950 1
11 L 0 95 1
11 D 617 95 1
11 L 0 314 1
11 D 617 314 1
5 L 0 850 1
5 D 617 850 1
13 L 0 639 1
13 D 617 639 1
17 L 0 216 1
17 D 773 216 1
17 L 0 649 1
17 D 773 649 1
3 L 0 911 1
3 D 773 911 1
7 L 0 157 1
7 D 773 157 1
9 L 0 283 1
9 D 734 283 1
9 L 0 919 1
9 D 734 919 1
9 L 0 883 1
9 D 734 883 1
9 L 0 81 1
9 D 734 81 1
9 L 0 823 1
9 D 734 823 1
10 L 0 287 1
10 D 734 287 1
10 L 0 794 1
10 D 734 794 1
18 L 0 944 1
18 D 734 944 1
15 L 0 525 1
15 D 734 525 1
2 L 0 386 1
2 D 574 386 1
2 L 0 344 1
2 D 574 344 1
2 L 0 835 1
2 D 574 835 1
8 L 0 670 1
8 D 574 670 1
8 L 0 312 1
8 D 574 312 1
14 L 0 459 1
14 D 574 459 1
6 L 0 950 1
6 D 247 950 1
6 L 0 749 1
6 D 247 749 1
12 L 0 348 1
12 D 247 348 1
0 L 0 298 1
0 D 247 298 1
5 L 0 299 1
5 D 502 299 1
5 L 0 687 1
5 D 502 687 1
5 L 0 962 1
5 D 502 962 1
5 L 0 384 1
5 D 502 384 1
5 L 0 637 1
5 D 502 637 1
13 L 0 108 1
13 D 502 108 1
18 L 0 453 1
18 D 502 453 1
15 L 0 911 1
15 D 502 911 1
16 L 0 607 1
16 D 502 607 1
10 L 0 680 1
10 D 252 680 1
10 L 0 491 1
10 D 252 491 1
10 L 0 655 1
10 D 252 655 1
10 L 0 96 1
10 D 252 96 1
19 L 0 501 1
19 D 252 501 1
4 L 0 587 1
4 D 673 587 1
4 L 0 655 1
4 D 673 655 1
4 L 0 5 1
4 D 673 5 1
4 L 0 757 1
4 D 673 757 1
14 L 0 219 1
14 D 673 219 1
14 L 0 670 1
14 D 673 670 1
8 L 0 229 1
8 D 673 229 1
9 L 0 478 1
9 D 340 478 1
9 L 0 748 1
9 D 340 748 1
9 L 0 88 1
9 D 340 88 1
9 L 0 720 1
9 D 340 720 1
9 L 0 26 1
9 D 340 26 1
2 L 0 371 1
2 D 340 371 1
2 L 0 235 1
2 D 340 235 1
18 L 0 816 1
18 D 340 816 1
13 L 0 753 1
13 D 283 753 1
13 L 0 67 1
13 D 283 67 1
13 L 0 297 1
13 D 283 297 1
16 L 0 594 1
16 D 283 594 1
19 L 0 299 1
19 D 546 299 1
19 L 0 661 1
19 D 546 661 1
19 L 0 283 1
19 D 546 283 1
19 L 0 588 1
19 D 546 588 1
19 L 0 885 1
19 D 546 885 1
7 L 0 787 1
7 D 546 787 1
7 L 0 749 1
7 D 546 749 1
7 L 0 502 1
7 D 546 502 1
10 L 0 248 1
10 D 546 248 1
10 L 0 721 1
10 D 546 721 1
6 L 0 113 1
6 D 546 113 1
8 L 0 741 1
8 D 418 741 1
8 L 0 779 1
8 D 418 779 1
8 L 0 832 1
8 D 418 832 1
14 L 0 346 1
14 D 418 346 1
15 L 0 517 1
15 D 744 517 1
15 L 0 253 1
15 D 744 253 1
15 L 0 870 1
15 D 744 870 1
15 L 0 183 1
15 D 744 183 1
18 L 0 737 1
18 D 744 737 1
2 L 0 214 1
2 D 744 214 1
1 L 0 325 1
1 D 260 325 1
1 L 0 907 1
1 D 260 907 1
1 L 0 365 1
1 D 260 365 1
16 L 0 59 1
16 D 260 59 1
12 L 0 944 1
12 D 260 944 1
5 L 0 769 1
5 D 315 769 1
5 L 0 557 1
5 D 315 557 1
5 L 0 183 1
5 D 315 183 1
5 L 0 809 1
5 D 315 809 1
10 L 0 163 1
10 D 315 163 1
10 L 0 17 1
10 D 315 17 1
7 L 0 972 1
7 D 315 972 1
0 L 0 426 1
0 D 675 426 1
0 L 0 45 1
0 D 675 45 1
0 L 0 789 1
0 D 675 789 1
0 L 0 841 1
0 D 675 841 1
14 L 0 541 1
14 D 675 541 1
14 L 0 444 1
14 D 675 444 1
4 L 0 716 1
4 D 675 716 1
2 L 0 956 1
2 D 583 956 1
2 L 0 438 1
2 D 583 438 1
2 L 0 674 1
2 D 583 674 1
8 L 0 880 1
8 D 583 880 1
12 L 0 918 1
12 D 98 918 1
12 L 0 304 1
12 D 98 304 1
12 L 0 384 1
12 D 98 384 1
12 L 0 352 1
12 D 98 352 1
12 L 0 26 1
12 D 98 26 1
1 L 0 786 1
1 D 98 786 1
1 L 0 736 1
1 D 98 736 1
16 L 0 612 1
16 D 98 612 1
11 L 0 88 1
11 D 443 88 1
11 L 0 659 1
11 D 443 659 1
11 L 0 193 1
11 D 443 193 1
11 L 0 28 1
11 D 443 28 1
11 L 0 447 1
11 D 443 447 1
19 L 0 905 1
19 D 443 905 1
19 L 0 555 1
19 D 443 555 1
4 L 0 424 1
4 D 443 424 1
9 L 0 247 1
9 D 117 247 1
9 L 0 297 1
9 D 117 297 1
15 L 0 802 1
15 D 117 802 1
3 L 0 781 1
3 D 150 781 1
3 L 0 694 1
3 D 150 694 1
3 L 0 751 1
3 D 150 751 1
3 L 0 926 1
3 D 150 926 1
3 L 0 456 1
3 D 150 456 1
17 L 0 97 1
17 D 150 97 1
17 L 0 721 1
17 D 150 721 1
6 L 0 840 1
6 D 150 840 1
6 L 0 319 1
6 D 150 319 1
13 L 0 345 1
13 D 150 345 1
16 L 0 265 1
16 D 290 265 1
16 L 0 749 1
16 D 290 749 1
10 L 0 484 1
10 D 290 484 1
1 L 0 457 1
1 D 290 457 1
19 L 0 461 1
19 D 290 461 1
12 L 0 846 1
12 D 670 846 1
12 L 0 688 1
12 D 670 688 1
12 L 0 105 1
12 D 670 105 1
5 L 0 970 1
5 D 670 970 1
5 L 0 414 1
5 D 670 414 1
14 L 0 976 1
14 D 670 976 1
6 L 0 197 1
6 D 217 197 1
6 L 0 953 1
6 D 217 953 1
6 L 0 83 1
6 D 217 83 1
6 L 0 456 1
6 D 217 456 1
3 L 0 97 1
3 D 217 97 1
3 L 0 840 1
3 D 217 840 1
18 L 0 461 1
18 D 217 461 1
0 L 0 460 1
0 D 217 460 1
15 L 0 171 1
15 D 275 171 1
15 L 0 781 1
15 D 275 781 1
15 L 0 760 1
15 D 275 760 1
15 L 0 854 1
15 D 275 854 1
9 L 0 702 1
9 D 275 702 1
9 L 0 116 1
9 D 275 116 1
13 L 0 806 1
13 D 275 806 1
8 L 0 39 1
8 D 733 39 1
8 L 0 219 1
8 D 733 219 1
11 L 0 7 1
11 D 733 7 1
19 L 0 505 1
19 D 733 505 1
14 L 0 483 1
14 D 763 483 1
14 L 0 384 1
14 D 763 384 1
14 L 0 678 1
14 D 763 678 1
14 L 0 397 1
14 D 763 397 1
1 L 0 398 2
1 D 763 398 2
16 L 0 911 1
16 D 763 911 1
6 L 0 62 1
6 D 246 62 1
6 L 0 184 1
6 D 246 184 1
6 L 0 81 1
6 D 246 81 1
6 L 0 392 1
6 D 246 392 1
6 L 0 856 1
6 D 246 856 1
10 L 0 97 1
10 D 246 97 1
2 L 0 279 1
2 D 246 279 1
13 L 0 753 1
13 D 632 753 1
13 L 0 490 1
13 D 632 490 1
13 L 0 491 1
13 D 632 491 1
13 L 0 934 1
13 D 632 934 1
5 L 0 89 1
5 D 632 89 1
9 L 0 613 1
9 D 632 613 1
11 L 0 546 1
11 D 632 546 1
4 L 0 934 1
4 D 324 934 1
4 L 0 871 1
4 D 324 871 1
15 L 0 221 1
15 D 324 221 1
3 L 0 275 1
3 D 324 275 1
7 L 0 660 1
7 D 324 660 1
12 L 0 500 1
12 D 761 500 1
12 L 0 438 1
12 D 761 438 1
12 L 0 950 1
12 D 761 950 1
1 L 0 743 1
1 D 761 743 1
1 L 0 121 1
1 D 761 121 1
18 L 0 283 1
18 D 62 283 1
18 L 0 809 1
18 D 62 809 1
18 L 0 191 1
18 D 62 191 1
0 L 0 982 1
0 D 62 982 1
8 L 0 308 1
8 D 62 308 1
15 L 0 62 1
15 D 501 62 1
15 L 0 726 1
15 D 501 726 1
15 L 0 276 1
15 D 501 276 1
15 L 0 339 1
15 D 501 339 1
15 L 0 841 1
15 D 501 841 1
17 L 0 722 1
17 D 501 722 1
14 L 0 392 1
14 D 245 392 1
14 L 0 104 1
14 D 245 104 1
12 L 0 772 1
12 D 245 772 1
1 L 0 613 1
1 D 245 613 1
7 L 0 591 1
7 D 658 591 1
7 L 0 491 1
7 D 658 491 1
7 L 0 71 1
7 D 658 71 1
7 L 0 78 1
7 D 658 78 1
19 L 0 142 1
19 D 658 142 1
10 L 0 652 1
10 D 658 652 1
8 L 0 605 1
8 D 522 605 1
8 L 0 255 1
8 D 522 255 1
8 L 0 26 1
8 D 522 26 1
18 L 0 861 1
18 D 522 861 1
18 L 0 736 1
18 D 522 736 1
16 L 0 607 1
16 D 522 607 1
3 L 0 935 1
3 D 522 935 1
4 L 0 687 1
4 D 748 687 1
4 L 0 211 1
4 D 748 211 1
4 L 0 317 1
4 D 748 317 1
4 L 0 58 1
4 D 748 58 1
13 L 0 337 1
13 D 748 337 1
12 L 0 204 1
12 D 748 204 1
1 L 0 51 1
1 D 748 51 1
7 L 0 587 1
7 D 584 587 1
7 L 0 358 1
7 D 584 358 1
7 L 0 440 1
7 D 584 440 1
7 L 0 495 1
7 D 584 495 1
9 L 0 121 1
9 D 584 121 1
17 L 0 445 1
17 D 584 445 1
11 L 0 481 1
11 D 584 481 1
19 L 0 159 1
19 D 154 159 1
19 L 0 926 1
19 D 154 926 1
19 L 0 875 1
19 D 154 875 1
19 L 0 644 1
19 D 154 644 1
0 L 0 915 1
0 D 154 915 1
0 L 0 832 1
0 D 154 832 1
6 L 0 401 1
6 D 154 401 1
10 L 0 598 1
10 D 154 598 1
13 L 0 577 1
13 D 154 577 1
14 L 0 869 1
14 D 277 869 1
14 L 0 259 1
14 D 277 259 1
14 L 0 658 1
14 D 277 658 1
14 L 0 215 1
14 D 277 215 1
14 L 0 939 1
14 D 277 939 1
14 L 0 52 1
14 D 277 52 1
12 L 0 375 1
12 D 277 375 1
12 L 0 4 1
12 D 277 4 1
1 L 0 736 1
1 D 277 736 1
1 L 0 16 1
1 D 277 16 1
8 L 0 719 1
8 D 277 719 1
8 L 0 896 1
8 D 277 896 1
18 L 0 972 1
18 D 277 972 1
5 L 0 299 1
5 D 272 299 1
5 L 0 953 1
5 D 272 953 1
5 L 0 547 1
5 D 272 547 1
5 L 0 159 1
5 D 272 159 1
5 L 0 35 1
5 D 272 35 1
5 L 0 344 1
5 D 272 344 1
9 L 0 290 1
9 D 272 290 1
9 L 0 856 1
9 D 272 856 1
16 L 0 758 1
16 D 272 758 1
17 L 0 302 1
17 D 272 302 1
11 L 0 988 1
11 D 272 988 1
4 L 0 426 1
4 D 111 426 1
4 L 0 657 1
4 D 111 657 1
4 L 0 487 1
4 D 111 487 1
4 L 0 837 1
4 D 111 837 1
6 L 0 480 1
6 D 111 480 1
10 L 0 309 1
10 D 111 309 1
13 L 0 265 1
13 D 648 265 1
13 L 0 71 1
13 D 648 71 1
13 L 0 597 1
13 D 648 597 1
19 L 0 131 1
19 D 648 131 1
19 L 0 835 1
19 D 648 835 1
12 L 0 303 1
12 D 648 303 1
12 L 0 727 1
12 D 648 727 1
18 L 0 446 1
18 D 30 446 1
18 L 0 614 1
18 D 30 614 1
8 L 0 840 1
8 D 30 840 1
14 L 0 927 1
14 D 30 927 1
17 L 0 179 1
17 D 116 179 1
17 L 0 688 1
17 D 116 688 1
17 L 0 163 1
17 D 116 163 1
5 L 0 786 1
5 D 116 786 1
11 L 0 302 1
11 D 116 302 1
9 L 0 628 1
9 D 116 628 1
2 L 0 50 1
2 D 460 50 1
2 L 0 592 1
2 D 460 592 1
2 L 0 216 1
2 D 460 216 1
2 L 0 861 1
2 D 460 861 1
19 L 0 741 1
19 D 58 741 1
19 L 0 203 1
19 D 58 203 1
19 L 0 547 1
19 D 58 547 1
19 L 0 406 1
19 D 58 406 1
19 L 0 446 1
19 D 58 446 1
13 L 0 468 1
13 D 58 468 1
13 L 0 501 1
13 D 58 501 1
3 L 0 174 1
3 D 58 174 1
11 L 0 488 1
11 D 529 488 1
11 L 0 907 1
11 D 529 907 1
11 L 0 438 1
11 D 529 438 1
11 L 0 125 1
11 D 529 125 1
9 L 0 810 1
9 D 529 810 1
9 L 0 808 1
9 D 529 808 1
18 L 0 612 1
18 D 529 612 1
15 L 0 967 1
15 D 486 967 1
15 L 0 605 1
15 D 486 605 1
15 L 0 809 1
15 D 486 809 1
16 L 0 288 1
16 D 486 288 1
7 L 0 353 1
7 D 486 353 1
10 L 0 197 1
10 D 353 197 1
10 L 0 454 1
10 D 353 454 1
10 L 0 438 1
10 D 353 438 1
10 L 0 191 1
10 D 353 191 1
10 L 0 644 1
10 D 353 644 1
1 L 0 142 1
1 D 353 142 1
1 L 0 961 1
1 D 353 961 1
2 L 0 40 1
2 D 353 40 1
8 L 0 461 1
8 D 353 461 1
3 L 0 252 1
3 D 195 252 1
3 L 0 959 1
3 D 195 959 1
3 L 0 805 1
3 D 195 805 1
13 L 0 261 1
13 D 195 261 1
16 L 0 432 1
16 D 776 432 1
16 L 0 640 1
16 D 776 640 1
16 L 0 80 1
16 D 776 80 1
16 L 0 114 1
16 D 776 114 1
16 L 0 122 1
16 D 776 122 1
17 L 0 484 1
17 D 776 484 1
9 L 0 90 1
9 D 776 90 1
15 L 0 132 1
15 D 776 132 1
4 L 0 622 1
4 D 689 622 1
4 L 0 547 1
4 D 689 547 1
4 L 0 631 1
4 D 689 631 1
4 L 0 874 1
4 D 689 874 1
4 L 0 777 1
4 D 689 777 1
0 L 0 402 1
0 D 689 402 1
0 L 0 455 1
0 D 689 455 1
6 L 0 565 1
6 D 689 565 1
12 L 0 717 1
12 D 689 717 1
5 L 0 777 1
5 D 57 777 1
5 L 0 159 1
5 D 57 159 1
5 L 0 114 1
5 D 57 114 1
5 L 0 846 1
5 D 57 846 1
8 L 0 501 1
8 D 57 501 1
18 L 0 708 1
18 D 57 708 1
1 L 0 10 1
1 D 57 10 1
13 L 0 145 1
13 D 481 145 1
13 L 0 587 1
13 D 481 587 1
13 L 0 723 1
13 D 481 723 1
13 L 0 344 1
13 D 481 344 1
13 L 0 765 1
13 D 481 765 1
17 L 0 810 1
17 D 481 810 1
9 L 0 581 1
9 D 481 581 1
19 L 0 652 1
19 D 481 652 1
3 L 0 859 1
3 D 481 859 1
11 L 0 661 1
11 D 409 661 1
11 L 0 434 1
11 D 409 434 1
11 L 0 21 1
11 D 409 21 1
11 L 0 83 1
11 D 409 83 1
15 L 0 779 1
15 D 409 779 1
15 L 0 448 1
15 D 409 448 1
16 L 0 811 1
16 D 409 811 1
14 L 0 259 1
14 D 303 259 1
14 L 0 726 1
14 D 303 726 1
14 L 0 994 1
14 D 303 994 1
14 L 0 272 1
14 D 303 272 1
14 L 0 819 1
14 D 303 819 1
2 L 0 95 1
2 D 303 95 1
2 L 0 455 1
2 D 303 455 1
10 L 0 594 1
10 D 303 594 1
1 L 0 197 1
1 D 125 197 1
1 L 0 278 1
1 D 125 278 1
1 L 0 856 1
1 D 125 856 1
9 L 0 475 1
9 D 125 475 1
16 L 0 145 1
16 D 373 145 1
16 L 0 531 1
16 D 373 531 1
16 L 0 159 1
16 D 373 159 1
16 L 0 632 1
16 D 373 632 1
11 L 0 468 1
11 D 373 468 1
6 L 0 51 1
6 D 373 51 1
13 L 0 223 1
13 D 373 223 1
4 L 0 517 1
4 D 372 517 1
4 L 0 252 1
4 D 372 252 1
4 L 0 877 1
4 D 372 877 1
4 L 0 907 1
4 D 372 907 1
4 L 0 485 1
4 D 372 485 1
12 L 0 790 1
12 D 372 790 1
12 L 0 54 1
12 D 372 54 1
2 L 0 836 1
2 D 372 836 1
8 L 0 300 1
8 D 645 300 1
8 L 0 211 1
8 D 645 211 1
8 L 0 103 1
8 D 645 103 1
10 L 0 863 1
10 D 645 863 1
11 L 0 611 1
11 D 645 611 1
18 L 0 553 1
18 D 645 553 1
15 L 0 122 1
15 D 163 122 1
15 L 0 335 1
15 D 163 335 1
16 L 0 549 1
16 D 163 549 1
1 L 0 51 1
1 D 163 51 1
5 L 0 60 1
5 D 163 60 1
13 L 0 441 1
13 D 103 441 1
13 L 0 967 1
13 D 103 967 1
13 L 0 591 1
13 D 103 591 1
13 L 0 384 1
13 D 103 384 1
13 L 0 488 1
13 D 103 488 1
13 L 0 920 1
13 D 103 920 1
19 L 0 543 1
19 D 103 543 1
19 L 0 721 1
19 D 103 721 1
3 L 0 801 1
3 D 103 801 1
8 L 0 364 1
8 D 566 364 1
8 L 0 954 1
8 D 566 954 1
8 L 0 68 1
8 D 566 68 1
8 L 0 278 1
8 D 566 278 1
8 L 0 978 1
8 D 566 978 1
11 L 0 790 1
11 D 566 790 1
11 L 0 414 1
11 D 566 414 1
4 L 0 337 1
4 D 566 337 1
12 L 0 347 1
12 D 566 347 1
2 L 0 10 1
2 D 566 10 1
17 L 0 631 1
17 D 241 631 1
17 L 0 386 1
17 D 241 386 1
17 L 0 216 1
17 D 241 216 1
17 L 0 240 1
17 D 241 240 1
7 L 0 401 1
7 D 241 401 1
18 L 0 893 1
18 D 241 893 1
1 L 0 286 1
1 D 241 286 1
13 L 0 74 1
13 D 140 74 1
13 L 0 688 1
13 D 140 688 1
9 L 0 626 1
9 D 140 626 1
5 L 0 252 1
5 D 127 252 1
5 L 0 994 1
5 D 127 994 1
5 L 0 26 1
5 D 127 26 1
5 L 0 765 1
5 D 127 765 1
10 L 0 998 1
10 D 127 998 1
0 L 0 220 1
0 D 127 220 1
6 L 0 927 1
6 D 127 927 1
4 L 0 300 1
4 D 498 300 1
4 L 0 959 1
4 D 498 959 1
4 L 0 985 1
4 D 498 985 1
4 L 0 272 1
4 D 498 272 1
14 L 0 861 1
14 D 498 861 1
14 L 0 772 1
14 D 498 772 1
12 L 0 667 1
12 D 498 667 1
2 L 0 938 1
2 D 498 938 1
9 L 0 658 1
9 D 605 658 1
9 L 0 945 1
9 D 605 945 1
9 L 0 645 1
9 D 605 645 1
9 L 0 237 1
9 D 605 237 1
19 L 0 616 1
19 D 605 616 1
13 L 0 801 1
13 D 605 801 1
15 L 0 911 1
15 D 605 911 1
17 L 0 874 1
17 D 467 874 1
17 L 0 720 1
17 D 467 720 1
17 L 0 123 1
17 D 467 123 1
16 L 0 370 1
16 D 467 370 1
18 L 0 788 1
18 D 467 788 1
10 L 0 859 1
10 D 467 859 1
12 L 0 441 1
12 D 598 441 1
12 L 0 918 1
12 D 598 918 1
12 L 0 454 1
12 D 598 454 1
12 L 0 512 1
12 D 598 512 1
12 L 0 289 1
12 D 598 289 1
0 L 0 312 1
0 D 598 312 1
0 L 0 467 1
0 D 598 467 1
2 L 0 998 1
2 D 598 998 1
13 L 0 447 1
13 D 539 447 1
13 L 0 142 1
13 D 539 142 1
3 L 0 380 1
3 D 539 380 1
11 L 0 61 1
11 D 539 61 1
7 L 0 211 1
7 D 431 211 1
7 L 0 233 1
7 D 431 233 1
7 L 0 637 1
7 D 431 637 1
1 L 0 758 1
1 D 431 758 1
15 L 0 417 1
15 D 431 417 1
14 L 0 452 1
14 D 463 452 1
14 L 0 629 1
14 D 463 629 1
14 L 0 551 1
14 D 463 551 1
19 L 0 614 1
19 D 463 614 1
19 L 0 201 1
19 D 463 201 1
2 L 0 927 1
2 D 463 927 1
6 L 0 299 1
6 D 745 299 1
6 L 0 126 1
6 D 745 126 1
6 L 0 81 1
6 D 745 81 1
6 L 0 71 1
6 D 745 71 1
11 L 0 832 1
11 D 745 832 1
11 L 0 288 1
11 D 745 288 1
13 L 0 880 1
13 D 745 880 1
4 L 0 80 1
4 D 551 80 1
4 L 0 789 1
4 D 551 789 1
4 L 0 885 1
4 D 551 885 1
4 L 0 168 1
4 D 551 168 1
3 L 0 191 1
3 D 551 191 1
3 L 0 125 1
3 D 551 125 1
17 L 0 826 1
17 D 551 826 1
16 L 0 259 1
16 D 570 259 1
16 L 0 358 1
16 D 570 358 1
16 L 0 618 1
16 D 570 618 1
16 L 0 967 1
16 D 570 967 1
16 L 0 508 1
16 D 570 508 1
16 L 0 907 1
16 D 570 907 1
7 L 0 477 1
7 D 570 477 1
7 L 0 635 1
7 D 570 635 1
8 L 0 783 1
8 D 570 783 1
12 L 0 486 1
12 D 570 486 1
5 L 0 483 1
5 D 286 483 1
5 L 0 426 1
5 D 286 426 1
5 L 0 636 1
5 D 286 636 1
5 L 0 218 1
5 D 286 218 1
5 L 0 446 1
5 D 286 446 1
14 L 0 578 1
14 D 286 578 1
14 L 0 414 1
14 D 286 414 1
9 L 0 589 1
9 D 286 589 1
10 L 0 552 1
10 D 286 552 1
11 L 0 163 1
11 D 468 163 1
11 L 0 235 1
11 D 468 235 1
3 L 0 813 1
3 D 468 813 1
3 L 0 401 1
3 D 468 401 1
18 L 0 333 1
18 D 468 333 1
15 L 0 694 1
15 D 760 694 1
15 L 0 296 1
15 D 760 296 1
15 L 0 438 1
15 D 760 438 1
15 L 0 96 1
15 D 760 96 1
17 L 0 392 1
17 D 760 392 1
17 L 0 793 1
17 D 760 793 1
17 L 0 34 1
17 D 760 34 1
2 L 0 840 1
2 D 760 840 1
19 L 0 492 1
19 D 760 492 1
0 L 0 723 1
0 D 725 723 1
0 L 0 635 1
0 D 725 635 1
0 L 0 808 1
0 D 725 808 1
8 L 0 399 1
8 D 725 399 1
8 L 0 758 1
8 D 725 758 1
10 L 0 462 1
10 D 725 462 1
11 L 0 441 1
11 D 651 441 1
11 L 0 300 1
11 D 651 300 1
11 L 0 360 1
11 D 651 360 1
11 L 0 659 1
11 D 651 659 1
11 L 0 290 1
11 D 651 290 1
13 L 0 638 1
13 D 651 638 1
13 L 0 810 1
13 D 651 810 1
9 L 0 982 1
9 D 651 982 1
16 L 0 471 1
16 D 651 471 1
4 L 0 587 1
4 D 35 587 1
4 L 0 622 1
4 D 35 622 1
4 L 0 753 1
4 D 35 753 1
4 L 0 787 1
4 D 35 787 1
4 L 0 970 1
4 D 35 970 1
3 L 0 455 1
3 D 35 455 1
3 L 0 780 1
3 D 35 780 1
18 L 0 338 1
18 D 35 338 1
6 L 0 299 1
6 D 678 299 1
6 L 0 937 1
6 D 678 937 1
6 L 0 741 1
6 D 678 741 1
6 L 0 443 1
6 D 678 443 1
6 L 0 846 1
6 D 678 846 1
6 L 0 814 1
6 D 678 814 1
10 L 0 133 1
10 D 678 133 1
2 L 0 722 1
2 D 678 722 1
19 L 0 775 1
19 D 678 775 1
17 L 0 456 1
17 D 325 456 1
17 L 0 487 1
17 D 325 487 1
15 L 0 921 1
15 D 325 921 1
15 L 0 896 1
15 D 325 896 1
16 L 0 41 1
16 D 325 41 1
18 L 0 911 1
18 D 325 911 1
11 L 0 259 1
11 D 295 259 1
11 L 0 149 1
11 D 295 149 1
11 L 0 114 1
11 D 295 114 1
11 L 0 438 1
11 D 295 438 1
11 L 0 26 1
11 D 295 26 1
1 L 0 886 1
1 D 295 886 1
1 L 0 875 1
1 D 295 875 1
3 L 0 589 1
3 D 295 589 1
10 L 0 741 1
10 D 784 741 1
10 L 0 688 1
10 D 784 688 1
10 L 0 26 1
10 D 784 26 1
10 L 0 819 1
10 D 784 819 1
14 L 0 764 1
14 D 784 764 1
9 L 0 345 1
9 D 784 345 1
13 L 0 935 1
13 D 784 935 1
7 L 0 584 1
7 D 160 584 1
7 L 0 50 1
7 D 160 50 1
7 L 0 35 1
7 D 160 35 1
7 L 0 702 1
7 D 160 702 1
19 L 0 113 1
19 D 160 113 1
19 L 0 615 1
19 D 160 615 1
16 L 0 424 1
16 D 160 424 1
12 L 0 522 1
12 D 160 522 1
8 L 0 726 1
8 D 358 726 1
8 L 0 694 1
8 D 358 694 1
8 L 0 211 1
8 D 358 211 1
8 L 0 105 1
8 D 358 105 1
18 L 0 832 1
18 D 358 832 1
18 L 0 467 1
18 D 358 467 1
0 L 0 238 1
0 D 358 238 1
4 L 0 461 1
4 D 358 461 1
10 L 0 494 1
10 D 358 494 1
5 L 0 574 1
5 D 669 574 1
5 L 0 636 1
5 D 669 636 1
5 L 0 926 1
5 D 669 926 1
5 L 0 5 1
5 D 669 5 1
9 L 0 727 1
9 D 669 727 1
9 L 0 855 1
9 D 669 855 1
11 L 0 802 1
11 D 669 802 1
2 L 0 967 1
2 D 753 967 1
2 L 0 848 1
2 D 753 848 1
2 L 0 211 1
2 D 753 211 1
2 L 0 597 1
2 D 753 597 1
15 L 0 666 1
15 D 753 666 1
15 L 0 808 1
15 D 753 808 1
19 L 0 552 1
19 D 753 552 1
16 L 0 52 1
16 D 193 52 1
16 L 0 247 1
16 D 193 247 1
16 L 0 297 1
16 D 193 297 1
3 L 0 201 1
3 D 193 201 1
3 L 0 625 1
3 D 193 625 1
12 L 0 617 1
12 D 193 617 1
17 L 0 350 1
17 D 193 350 1
4 L 0 967 1
4 D 492 967 1
4 L 0 97 1
4 D 492 97 1
18 L 0 806 1
18 D 492 806 1
13 L 0 737 1
13 D 701 737 1
13 L 0 404 1
13 D 701 404 1
9 L 0 756 1
9 D 701 756 1
5 L 0 308 1
5 D 701 308 1
12 L 0 81 1
12 D 672 81 1
12 L 0 198 1
12 D 672 198 1
19 L 0 24 1
19 D 672 24 1
7 L 0 806 1
7 D 672 806 1
3 L 0 859 1
3 D 672 859 1
11 L 0 919 1
11 D 517 919 1
11 L 0 705 1
11 D 517 705 1
11 L 0 757 1
11 D 517 757 1
0 L 0 861 1
0 D 517 861 1
0 L 0 185 1
0 D 517 185 1
1 L 0 345 1
1 D 517 345 1
18 L 0 500 1
18 D 786 500 1
18 L 0 885 1
18 D 786 885 1
18 L 0 456 1
18 D 786 456 1
4 L 0 212 1
4 D 786 212 1
4 L 0 108 1
4 D 786 108 1
8 L 0 407 1
8 D 786 407 1
8 L 0 306 1
8 D 786 306 1
9 L 0 517 1
9 D 240 517 1
9 L 0 815 1
9 D 240 815 1
9 L 0 964 1
9 D 240 964 1
2 L 0 955 1
2 D 240 955 1
2 L 0 399 1
2 D 240 399 1
5 L 0 221 1
5 D 240 221 1
14 L 0 756 1
14 D 240 756 1
19 L 0 992 1
19 D 378 992 1
19 L 0 512 1
19 D 378 512 1
19 L 0 268 1
19 D 378 268 1
19 L 0 105 1
19 D 378 105 1
3 L 0 142 1
3 D 378 142 1
3 L 0 808 1
3 D 378 808 1
7 L 0 261 1
7 D 378 261 1
12 L 0 927 1
12 D 378 927 1
1 L 0 171 1
1 D 567 171 1
1 L 0 732 1
1 D 567 732 1
1 L 0 707 1
1 D 567 707 1
1 L 0 820 1
1 D 567 820 1
0 L 0 964 1
0 D 567 964 1
0 L 0 31 1
0 D 567 31 1
11 L 0 411 1
11 D 567 411 1
6 L 0 788 1
6 D 567 788 1
8 L 0 441 1
8 D 769 441 1
8 L 0 47 1
8 D 769 47 1
8 L 0 78 1
8 D 769 78 1
8 L 0 649 1
8 D 769 649 1
13 L 0 737 1
13 D 769 737 1
13 L 0 367 1
13 D 769 367 1
18 L 0 284 1
18 D 769 284 1
5 L 0 816 1
5 D 769 816 1
2 L 0 704 1
2 D 65 704 1
2 L 0 749 1
2 D 65 749 1
2 L 0 158 1
2 D 65 158 1
17 L 0 307 1
17 D 65 307 1
15 L 0 589 1
15 D 65 589 1
7 L 0 963 1
7 D 65 963 1
3 L 0 905 1
3 D 302 905 1
4 L 0 353 1
4 D 302 353 1
16 L 0 992 1
16 D 181 992 1
16 L 0 28 1
16 D 181 28 1
16 L 0 883 1
16 D 181 883 1
16 L 0 882 1
16 D 181 882 1
1 L 0 638 1
1 D 181 638 1
1 L 0 324 1
1 D 181 324 1
18 L 0 979 1
18 D 181 979 1
13 L 0 889 1
13 D 181 889 1
8 L 0 517 1
8 D 611 517 1
8 L 0 364 1
8 D 611 364 1
8 L 0 203 1
8 D 611 203 1
8 L 0 168 1
8 D 611 168 1
8 L 0 950 1
8 D 611 950 1
3 L 0 763 1
3 D 611 763 1
3 L 0 392 1
3 D 611 392 1
3 L 0 316 1
3 D 611 316 1
19 L 0 996 1
19 D 611 996 1
19 L 0 721 1
19 D 611 721 1
2 L 0 840 1
2 D 611 840 1
11 L 0 286 1
11 D 611 286 1
0 L 0 109 1
0 D 130 109 1
0 L 0 550 1
0 D 130 550 1
0 L 0 104 1
0 D 130 104 1
4 L 0 382 1
4 D 130 382 1
4 L 0 601 1
4 D 130 601 1
6 L 0 348 1
6 D 130 348 1
12 L 0 788 1
12 D 130 788 1
7 L 0 283 1
7 D 702 283 1
7 L 0 236 1
7 D 702 236 1
7 L 0 463 1
7 D 702 463 1
1 L 0 394 1
1 D 702 394 1
18 L 0 370 1
18 D 702 370 1
9 L 0 101 1
9 D 702 101 1
5 L 0 441 1
5 D 404 441 1
5 L 0 978 1
5 D 404 978 1
5 L 0 518 1
5 D 404 518 1
5 L 0 892 1
5 D 404 892 1
16 L 0 376 1
16 D 404 376 1
16 L 0 571 1
16 D 404 571 1
6 L 0 783 1
6 D 404 783 1
6 L 0 41 1
6 D 404 41 1
4 L 0 919 1
4 D 616 919 1
4 L 0 283 1
4 D 616 283 1
4 L 0 218 1
4 D 616 218 1
4 L 0 129 1
4 D 616 129 1
11 L 0 764 1
11 D 616 764 1
11 L 0 772 1
11 D 616 772 1
19 L 0 577 1
19 D 616 577 1
3 L 0 552 1
3 D 616 552 1
0 L 0 161 1
0 D 616 161 1
15 L 0 726 1
15 D 343 726 1
15 L 0 129 1
15 D 343 129 1
15 L 0 856 1
15 D 343 856 1
12 L 0 710 1
12 D 343 710 1
1 L 0 611 1
1 D 343 611 1
13 L 0 971 1
13 D 343 971 1
9 L 0 439 1
9 D 119 439 1
9 L 0 751 1
9 D 119 751 1
9 L 0 883 1
9 D 119 883 1
9 L 0 375 1
9 D 119 375 1
5 L 0 947 1
5 D 119 947 1
5 L 0 543 1
5 D 119 543 1
17 L 0 314 1
17 D 119 314 1
17 L 0 111 1
17 D 119 111 1
2 L 0 414 1
2 D 119 414 1
19 L 0 254 1
19 D 521 254 1
19 L 0 623 1
19 D 521 623 1
19 L 0 268 1
19 D 521 268 1
19 L 0 397 1
19 D 521 397 1
3 L 0 27 1
3 D 521 27 1
11 L 0 275 1
11 D 521 275 1
12 L 0 214 1
12 D 521 214 1
6 L 0 987 1
6 D 521 987 1
0 L 0 937 1
0 D 317 937 1
0 L 0 114 1
0 D 317 114 1
0 L 0 35 1
0 D 317 35 1
0 L 0 33 1
0 D 317 33 1
0 L 0 882 1
0 D 317 882 1
16 L 0 371 1
16 D 317 371 1
16 L 0 840 1
16 D 317 840 1
4 L 0 772 1
4 D 317 772 1
1 L 0 698 1
1 D 317 698 1
14 L 0 963 1
14 D 317 963 1
3 L 0 252 1
3 D 2 252 1
3 L 0 115 1
3 D 2 115 1
3 L 0 491 1
3 D 2 491 1
3 L 0 920 1
3 D 2 920 1
10 L 0 702 1
10 D 2 702 1
10 L 0 955 1
10 D 2 955 1
11 L 0 181 1
11 D 2 181 1
8 L 0 538 1
8 D 2 538 1
2 L 0 738 1
2 D 2 738 1
6 L 0 255 1
6 D 595 255 1
6 L 0 452 1
6 D 595 452 1
6 L 0 433 1
6 D 595 433 1
7 L 0 572 1
7 D 595 572 1
7 L 0 289 1
7 D 595 289 1
17 L 0 802 1
17 D 595 802 1
19 L 0 729 1
19 D 595 729 1
9 L 0 67 1
9 D 709 67 1
9 L 0 907 1
9 D 709 907 1
9 L 0 899 1
9 D 709 899 1
1 L 0 983 1
1 D 709 983 1
1 L 0 900 1
1 D 709 900 1
18 L 0 639 1
18 D 709 639 1
0 L 0 588 1
0 D 798 588 1
0 L 0 117 1
0 D 798 117 1
0 L 0 920 1
0 D 798 920 1
16 L 0 749 1
16 D 798 749 1
16 L 0 813 1
16 D 798 813 1
17 L 0 946 1
17 D 798 946 1
7 L 0 862 1
7 D 798 862 1
8 L 0 193 1
8 D 18 193 1
8 L 0 947 1
8 D 18 947 1
15 L 0 367 1
15 D 18 367 1
19 L 0 221 1
19 D 18 221 1
6 L 0 726 1
6 D 56 726 1
6 L 0 953 1
6 D 56 953 1
6 L 0 138 1
6 D 56 138 1
6 L 0 978 1
6 D 56 978 1
6 L 0 994 1
6 D 56 994 1
0 L 0 189 1
0 D 56 189 1
0 L 0 182 1
0 D 56 182 1
4 L 0 435 1
4 D 56 435 1
9 L 0 267 1
9 D 56 267 1
12 L 0 139 1
12 D 28 139 1
12 L 0 975 1
12 D 28 975 1
12 L 0 964 1
12 D 28 964 1
17 L 0 727 1
17 D 28 727 1
17 L 0 740 1
17 D 28 740 1
16 L 0 802 1
16 D 28 802 1
7 L 0 595 1
7 D 28 595 1
10 L 0 439 1
10 D 22 439 1
10 L 0 883 1
10 D 22 883 1
10 L 0 17 1
10 D 22 17 1
2 L 0 615 1
2 D 22 615 1
3 L 0 537 1
3 D 22 537 1
8 L 0 164 1
8 D 22 164 1
15 L 0 532 1
15 D 146 532 1
15 L 0 741 1
15 D 146 741 1
15 L 0 230 1
15 D 146 230 1
15 L 0 636 1
15 D 146 636 1
15 L 0 71 1
15 D 146 71 1
18 L 0 543 1
18 D 146 543 1
18 L 0 303 1
18 D 146 303 1
19 L 0 755 1
19 D 146 755 1
0 L 0 480 1
0 D 146 480 1
4 L 0 859 1
4 D 146 859 1
1 L 0 992 1
1 D 754 992 1
1 L 0 94 1
1 D 754 94 1
1 L 0 233 1
1 D 754 233 1
1 L 0 287 1
1 D 754 287 1
11 L 0 241 1
11 D 754 241 1
11 L 0 649 1
11 D 754 649 1
11 L 0 192 1
11 D 754 192 1
16 L 0 31 1
16 D 754 31 1
5 L 0 982 1
5 D 754 982 1
7 L 0 165 1
7 D 754 165 1
12 L 0 778 1
12 D 23 778 1
12 L 0 426 1
12 D 23 426 1
12 L 0 438 1
12 D 23 438 1
12 L 0 440 1
12 D 23 440 1
2 L 0 915 1
2 D 23 915 1
2 L 0 614 1
2 D 23 614 1
3 L 0 961 1
3 D 23 961 1
3 L 0 855 1
3 D 23 855 1
8 L 0 221 1
8 D 23 221 1
10 L 0 652 1
10 D 23 652 1
14 L 0 53 1
14 D 663 53 1
14 L 0 122 1
14 D 663 122 1
14 L 0 287 1
14 D 663 287 1
14 L 0 153 1
14 D 663 153 1
6 L 0 550 1
6 D 663 550 1
6 L 0 376 1
6 D 663 376 1
9 L 0 113 1
9 D 663 113 1
9 L 0 185 1
9 D 663 185 1
1 L 0 286 1
1 D 663 286 1
0 L 0 390 1
0 D 663 390 1
18 L 0 358 1
18 D 626 358 1
18 L 0 112 1
18 D 626 112 1
18 L 0 967 1
18 D 626 967 1
18 L 0 685 1
18 D 626 685 1
18 L 0 1 1
18 D 626 1 1
17 L 0 125 1
17 D 626 125 1
17 L 0 297 1
17 D 626 297 1
15 L 0 832 1
15 D 626 832 1
15 L 0 896 1
15 D 626 896 1
16 L 0 60 1
16 D 626 60 1
19 L 0 364 1
19 D 538 364 1
19 L 0 426 1
19 D 538 426 1
19 L 0 557 1
19 D 538 557 1
19 L 0 512 1
19 D 538 512 1
19 L 0 604 1
19 D 538 604 1
4 L 0 52 1
4 D 538 52 1
4 L 0 105 1
4 D 538 105 1
4 L 0 125 1
4 D 538 125 1
2 L 0 865 1
2 D 538 865 1
8 L 0 421 1
8 D 538 421 1
13 L 0 525 1
13 D 538 525 1
9 L 0 694 1
9 D 43 694 1
9 L 0 789 1
9 D 43 789 1
9 L 0 79 1
9 D 43 79 1
9 L 0 583 1
9 D 43 583 1
10 L 0 786 1
10 D 43 786 1
3 L 0 802 1
3 D 43 802 1
5 L 0 355 1
5 D 43 355 1
16 L 0 687 1
16 D 81 687 1
16 L 0 919 1
16 D 81 919 1
16 L 0 883 1
16 D 81 883 1
16 L 0 950 1
16 D 81 950 1
17 L 0 551 1
17 D 81 551 1
17 L 0 955 1
17 D 81 955 1
11 L 0 37 1
11 D 81 37 1
18 L 0 186 1
18 D 81 186 1
13 L 0 386 1
13 D 364 386 1
13 L 0 122 1
13 D 364 122 1
13 L 0 534 1
13 D 364 534 1
0 L 0 857 1
0 D 364 857 1
0 L 0 120 1
0 D 364 120 1
1 L 0 764 1
1 D 364 764 1
6 L 0 186 1
6 D 364 186 1
14 L 0 88 1
14 D 405 88 1
14 L 0 870 1
14 D 405 870 1
14 L 0 21 1
14 D 405 21 1
14 L 0 920 1
14 D 405 920 1
9 L 0 210 1
9 D 405 210 1
9 L 0 405 1
9 D 405 405 1
7 L 0 121 1
7 D 405 121 1
15 L 0 140 1
15 D 405 140 1
17 L 0 259 1
17 D 187 259 1
17 L 0 623 1
17 D 187 623 1
17 L 0 883 1
17 D 187 883 1
17 L 0 287 1
17 D 187 287 1
12 L 0 528 1
12 D 187 528 1
12 L 0 783 1
12 D 187 783 1
2 L 0 391 1
2 D 187 391 1
8 L 0 410 1
8 D 187 410 1
19 L 0 80 1
19 D 478 80 1
19 L 0 379 1
19 D 478 379 1
19 L 0 406 1
19 D 478 406 1
19 L 0 25 1
19 D 478 25 1
10 L 0 839 1
10 D 478 839 1
0 L 0 976 1
0 D 478 976 1
9 L 0 47 1
9 D 347 47 1
9 L 0 967 1
9 D 347 967 1
9 L 0 547 1
9 D 347 547 1
9 L 0 557 1
9 D 347 557 1
9 L 0 193 1
9 D 347 193 1
14 L 0 736 1
14 D 347 736 1
14 L 0 403 1
14 D 347 403 1
1 L 0 431 1
1 D 347 431 1
6 L 0 308 1
6 D 347 308 1
11 L 0 361 1
11 D 347 361 1
2 L 0 517 1
2 D 445 517 1
2 L 0 22 1
2 D 445 22 1
2 L 0 870 1
2 D 445 870 1
2 L 0 466 1
2 D 445 466 1
2 L 0 117 1
2 D 445 117 1
3 L 0 786 1
3 D 445 786 1
3 L 0 983 1
3 D 445 983 1
4 L 0 475 1
4 D 445 475 1
8 L 0 157 1
8 D 445 157 1
17 L 0 753 1
17 D 453 753 1
17 L 0 919 1
17 D 453 919 1
17 L 0 659 1
17 D 453 659 1
17 L 0 216 1
17 D 453 216 1
17 L 0 129 1
17 D 453 129 1
19 L 0 210 1
19 D 453 210 1
19 L 0 468 1
19 D 453 468 1
5 L 0 27 1
5 D 453 27 1
7 L 0 470 1
7 D 453 470 1
1 L 0 954 1
1 D 771 954 1
1 L 0 685 1
1 D 771 685 1
1 L 0 129 1
1 D 771 129 1
1 L 0 819 1
1 D 771 819 1
6 L 0 921 1
6 D 771 921 1
6 L 0 910 1
6 D 771 910 1
11 L 0 41 1
11 D 771 41 1
12 L 0 355 1
12 D 771 355 1
8 L 0 10 1
8 D 771 10 1
10 L 0 517 1
10 D 335 517 1
10 L 0 531 1
10 D 335 531 1
10 L 0 649 1
10 D 335 649 1
10 L 0 668 1
10 D 335 668 1
0 L 0 496 1
0 D 335 496 1
0 L 0 955 1
0 D 335 955 1
4 L 0 458 1
4 D 335 458 1
2 L 0 285 1
2 D 335 285 1
9 L 0 253 1
9 D 214 253 1
9 L 0 168 1
9 D 214 168 1
9 L 0 936 1
9 D 214 936 1
15 L 0 248 1
15 D 214 248 1
15 L 0 727 1
15 D 214 727 1
18 L 0 467 1
18 D 214 467 1
18 L 0 719 1
18 D 214 719 1
5 L 0 565 1
5 D 214 565 1
16 L 0 159 1
16 D 287 159 1
16 L 0 372 1
16 D 287 372 1
16 L 0 241 1
16 D 287 241 1
11 L 0 834 1
11 D 287 834 1
11 L 0 111 1
11 D 287 111 1
6 L 0 797 1
6 D 287 797 1
1 L 0 313 1
1 D 368 313 1
1 L 0 208 1
1 D 368 208 1
1 L 0 920 1
1 D 368 920 1
10 L 0 198 1
10 D 368 198 1
10 L 0 463 1
10 D 368 463 1
19 L 0 16 1
19 D 368 16 1
14 L 0 537 1
14 D 368 537 1
17 L 0 600 1
17 D 368 600 1
5 L 0 63 1
5 D 548 63 1
5 L 0 67 1
5 D 548 67 1
5 L 0 159 1
5 D 548 159 1
5 L 0 249 1
5 D 548 249 1
13 L 0 468 1
13 D 548 468 1
13 L 0 449 1
13 D 548 449 1
15 L 0 133 1
15 D 548 133 1
18 L 0 261 1
18 D 548 261 1
3 L 0 408 1
3 D 548 408 1
0 L 0 723 1
0 D 361 723 1
0 L 0 500 1
0 D 361 500 1
0 L 0 45 1
0 D 361 45 1
0 L 0 877 1
0 D 361 877 1
0 L 0 400 1
0 D 361 400 1
2 L 0 398 1
2 D 361 398 1
2 L 0 727 1
2 D 361 727 1
11 L 0 382 1
11 D 361 382 1
12 L 0 302 1
12 D 361 302 1
8 L 0 893 1
8 D 361 893 1
16 L 0 186 1
16 D 361 186 1
4 L 0 962 1
4 D 243 962 1
4 L 0 300 1
4 D 243 300 1
4 L 0 645 1
4 D 243 645 1
4 L 0 438 1
4 D 243 438 1
4 L 0 996 1
4 D 243 996 1
6 L 0 477 1
6 D 243 477 1
6 L 0 301 1
6 D 243 301 1
19 L 0 667 1
19 D 243 667 1
3 L 0 565 1
3 D 243 565 1
13 L 0 2 1
13 D 243 2 1
12 L 0 39 1
12 D 398 39 1
12 L 0 712 1
12 D 398 712 1
8 L 0 998 1
8 D 398 998 1
15 L 0 51 1
15 D 398 51 1
18 L 0 525 1
18 D 398 525 1
16 L 0 967 1
16 D 186 967 1
16 L 0 115 1
16 D 186 115 1
16 L 0 434 1
16 D 186 434 1
16 L 0 809 1
16 D 186 809 1
2 L 0 237 1
2 D 186 237 1
2 L 0 289 1
2 D 186 289 1
1 L 0 467 1
1 D 186 467 1
1 L 0 98 1
1 D 186 98 1
0 L 0 988 1
0 D 186 988 1
10 L 0 154 1
10 D 186 154 1
17 L 0 360 1
17 D 679 360 1
17 L 0 796 1
17 D 679 796 1
17 L 0 105 1
17 D 679 105 1
17 L 0 841 1
17 D 679 841 1
19 L 0 534 1
19 D 679 534 1
19 L 0 182 1
19 D 679 182 1
19 L 0 905 1
19 D 679 905 1
6 L 0 56 1
6 D 679 56 1
6 L 0 382 1
6 D 679 382 1
13 L 0 449 1
13 D 679 449 1
15 L 0 836 1
15 D 679 836 1
8 L 0 992 1
8 D 48 992 1
8 L 0 218 1
8 D 48 218 1
8 L 0 290 1
8 D 48 290 1
8 L 0 970 1
8 D 48 970 1
4 L 0 349 1
4 D 48 349 1
4 L 0 810 1
4 D 48 810 1
5 L 0 758 1
5 D 48 758 1
12 L 0 802 1
12 D 48 802 1
11 L 0 893 1
11 D 48 893 1
0 L 0 680 1
0 D 26 680 1
0 L 0 950 1
0 D 26 950 1
0 L 0 583 1
0 D 26 583 1
1 L 0 780 1
1 D 26 780 1
3 L 0 302 1
3 D 26 302 1
7 L 0 879 1
7 D 26 879 1
6 L 0 114 1
6 D 781 114 1
6 L 0 372 1
6 D 781 372 1
6 L 0 456 1
6 D 781 456 1
10 L 0 172 1
10 D 781 172 1
10 L 0 17 1
10 D 781 17 1
19 L 0 116 1
19 D 781 116 1
17 L 0 261 1
17 D 781 261 1
5 L 0 552 1
5 D 781 552 1
8 L 0 230 1
8 D 122 230 1
8 L 0 852 1
8 D 122 852 1
8 L 0 958 1
8 D 122 958 1
8 L 0 882 1
8 D 122 882 1
2 L 0 787 1
2 D 122 787 1
2 L 0 477 1
2 D 122 477 1
2 L 0 182 1
2 D 122 182 1
16 L 0 810 1
16 D 122 810 1
16 L 0 961 1
16 D 122 961 1
18 L 0 719 1
18 D 122 719 1
14 L 0 18 1
14 D 122 18 1
19 L 0 609 1
19 D 615 609 1
19 L 0 588 1
19 D 615 588 1
19 L 0 789 1
19 D 615 789 1
19 L 0 958 1
19 D 615 958 1
15 L 0 168 1
15 D 615 168 1
15 L 0 172 1
15 D 615 172 1
15 L 0 280 1
15 D 615 280 1
9 L 0 185 1
9 D 615 185 1
13 L 0 355 1
13 D 615 355 1
17 L 0 826 1
17 D 615 826 1
10 L 0 129 1
10 D 535 129 1
10 L 0 187 1
10 D 535 187 1
10 L 0 543 1
10 D 535 543 1
12 L 0 810 1
12 D 535 810 1
12 L 0 861 1
12 D 535 861 1
5 L 0 616 1
5 D 535 616 1
11 L 0 346 1
11 D 535 346 1
4 L 0 553 1
4 D 535 553 1
1 L 0 926 1
1 D 354 926 1
1 L 0 915 1
1 D 354 915 1
1 L 0 571 1
1 D 354 571 1
7 L 0 185 1
7 D 354 185 1
7 L 0 626 1
7 D 354 626 1
2 L 0 140 1
2 D 354 140 1
3 L 0 816 1
3 D 354 816 1
14 L 0 342 1
14 D 437 342 1
14 L 0 358 1
14 D 437 358 1
14 L 0 659 1
14 D 437 659 1
14 L 0 856 1
14 D 437 856 1
18 L 0 737 1
18 D 437 737 1
16 L 0 462 1
16 D 437 462 1
17 L 0 581 1
17 D 437 581 1
15 L 0 256 1
15 D 437 256 1
19 L 0 672 1
19 D 437 672 1
12 L 0 414 1
12 D 789 414 1
11 L 0 997 1
11 D 789 997 1
13 L 0 575 1
13 D 381 575 1
13 L 0 809 1
13 D 381 809 1
13 L 0 272 1
13 D 381 272 1
7 L 0 92 1
7 D 381 92 1
7 L 0 701 1
7 D 381 701 1
2 L 0 598 1
2 D 381 598 1
3 L 0 161 1
3 D 381 161 1
15 L 0 63 1
15 D 349 63 1
15 L 0 227 1
15 D 349 227 1
15 L 0 899 1
15 D 349 899 1
15 L 0 440 1
15 D 349 440 1
19 L 0 420 1
19 D 349 420 1
19 L 0 297 1
19 D 349 297 1
19 L 0 632 1
19 D 349 632 1
14 L 0 303 1
14 D 349 303 1
12 L 0 613 1
12 D 349 613 1
4 L 0 988 1
4 D 349 988 1
8 L 0 992 1
8 D 141 992 1
8 L 0 439 1
8 D 141 439 1
8 L 0 512 1
8 D 141 512 1
8 L 0 26 1
8 D 141 26 1
6 L 0 369 1
6 D 141 369 1
6 L 0 831 1
6 D 141 831 1
9 L 0 719 1
9 D 141 719 1
2 L 0 889 1
2 D 141 889 1
3 L 0 90 1
3 D 141 90 1
12 L 0 454 1
12 D 145 454 1
12 L 0 278 1
12 D 145 278 1
12 L 0 789 1
12 D 145 789 1
12 L 0 105 1
12 D 145 105 1
18 L 0 647 1
18 D 145 647 1
18 L 0 463 1
18 D 145 463 1
4 L 0 881 1
4 D 145 881 1
16 L 0 431 1
16 D 145 431 1
17 L 0 338 1
17 D 145 338 1
5 L 0 518 1
5 D 604 518 1
5 L 0 572 1
5 D 604 572 1
5 L 0 762 1
5 D 604 762 1
13 L 0 495 1
13 D 604 495 1
1 L 0 889 1
1 D 604 889 1
7 L 0 911 1
7 D 604 911 1
6 L 0 513 1
6 D 257 513 1
6 L 0 360 1
6 D 257 360 1
6 L 0 958 1
6 D 257 958 1
6 L 0 688 1
6 D 257 688 1
4 L 0 905 1
4 D 257 905 1
4 L 0 790 1
4 D 257 790 1
16 L 0 70 1
16 D 257 70 1
17 L 0 475 1
17 D 257 475 1
0 L 0 338 1
0 D 257 338 1
14 L 0 347 1
14 D 257 347 1
18 L 0 600 1
18 D 257 600 1
12 L 0 179 1
12 D 714 179 1
12 L 0 253 1
12 D 714 253 1
12 L 0 819 1
12 D 714 819 1
12 L 0 375 1
12 D 714 375 1
15 L 0 787 1
15 D 714 787 1
15 L 0 757 1
15 D 714 757 1
19 L 0 312 1
19 D 714 312 1
19 L 0 467 1
19 D 714 467 1
2 L 0 7 1
2 D 714 7 1
3 L 0 453 1
3 D 714 453 1
5 L 0 157 1
5 D 714 157 1
7 L 0 138 1
7 D 9 138 1
7 L 0 129 1
7 D 9 129 1
7 L 0 787 1
7 D 9 787 1
8 L 0 970 1
8 D 9 970 1
8 L 0 237 1
8 D 9 237 1
9 L 0 864 1
9 D 9 864 1
11 L 0 538 1
11 D 9 538 1
6 L 0 522 1
6 D 9 522 1
0 L 0 846 1
0 D 572 846 1
0 L 0 8 1
0 D 572 8 1
0 L 0 851 1
0 D 572 851 1
4 L 0 120 1
4 D 572 120 1
4 L 0 463 1
4 D 572 463 1
14 L 0 334 1
14 D 572 334 1
14 L 0 416 1
14 D 572 416 1
18 L 0 642 1
18 D 572 642 1
13 L 0 717 1
13 D 572 717 1
15 L 0 397 1
15 D 227 397 1
15 L 0 807 1
15 D 227 807 1
19 L 0 998 1
19 D 227 998 1
12 L 0 750 1
12 D 227 750 1
19 L 0 443 1
19 D 293 443 1
19 L 0 216 1
19 D 293 216 1
19 L 0 794 1
19 D 293 794 1
15 L 0 964 1
15 D 293 964 1
15 L 0 312 1
15 D 293 312 1
12 L 0 302 1
12 D 293 302 1
7 L 0 788 1
7 D 293 788 1
13 L 0 707 1
13 D 151 707 1
13 L 0 182 1
13 D 151 182 1
4 L 0 783 1
4 D 151 783 1
4 L 0 755 1
4 D 151 755 1
14 L 0 199 1
14 D 151 199 1
0 L 0 275 1
0 D 151 275 1
6 L 0 353 1
6 D 151 353 1
