6842
17 L 0 179 1
17 D 800 179 1
17 L 0 216 1
17 D 800 216 1
17 L 0 122 1
17 D 800 122 1
22 L 0 126 1
22 D 146 126 1
23 L 0 126 1
23 D 935 126 1
26 L 0 50 1
26 D 43 50 1
28 L 0 218 1
28 D 377 218 1
1 L 5 344 1
1 D 18 344 1
5 L 3 153 1
5 D 257 153 1
29 L 2 384 1
29 D 1055 384 1
29 L 2 290 1
29 D 1055 290 1
0 L 3 201 1
0 D 804 201 1
12 L 4 162 1
12 D 727 162 1
27 L 3 80 1
27 D 487 80 1
27 L 3 149 1
27 D 487 149 1
7 L 0 26 1
7 D 1134 26 1
15 L 4 78 1
15 D 970 78 1
28 L 7 145 1
28 D 501 145 1
28 L 7 70 1
28 D 501 70 1
2 L 4 352 1
2 D 729 352 1
14 L 4 219 1
14 D 745 219 1
18 L 0 96 1
18 D 144 96 1
24 L 0 290 1
24 D 989 290 1
22 L 0 304 1
22 D 227 304 1
23 L 4 86 1
23 D 895 86 1
11 L 1 28 1
11 D 1164 28 1
6 L 8 35 1
6 D 381 35 1
19 L 9 386 1
19 D 1001 386 1
21 L 1 81 1
21 D 2 81 1
3 L 3 264 1
3 D 1183 264 1
3 L 3 26 1
3 D 1183 26 1
26 L 5 184 1
26 D 572 184 1
1 L 3 300 1
1 D 652 300 1
17 L 8 5 1
17 D 920 5 1
0 L 3 278 1
0 D 218 278 1
9 L 5 62 1
9 D 936 62 1
9 L 5 344 1
9 D 936 344 1
9 L 5 196 1
9 D 936 196 1
9 L 5 172 1
9 D 936 172 1
29 L 2 384 1
29 D 180 384 1
27 L 0 122 1
27 D 1053 122 1
25 L 0 360 1
25 D 787 360 1
8 L 0 126 1
8 D 543 126 1
4 L 4 114 1
4 D 885 114 1
10 L 0 47 1
10 D 1219 47 1
10 L 0 168 1
10 D 1219 168 1
23 L 0 310 1
23 D 46 310 1
24 L 0 398 1
24 D 780 398 1
14 L 6 328 1
14 D 938 328 1
14 L 6 90 1
14 D 938 90 1
18 L 5 244 1
18 D 177 244 1
6 L 3 153 1
6 D 1195 153 1
6 L 3 192 1
6 D 1195 192 1
13 L 9 163 1
13 D 127 163 1
15 L 9 235 1
15 D 305 235 1
21 L 4 139 1
21 D 31 139 1
21 L 4 144 1
21 D 31 144 1
2 L 9 251 1
2 D 121 251 1
20 L 4 162 1
20 D 527 162 1
20 L 4 216 1
20 D 527 216 1
20 L 4 117 1
20 D 527 117 1
20 L 4 208 1
20 D 527 208 1
28 L 0 129 1
28 D 1176 129 1
28 L 0 172 1
28 D 1176 172 1
11 L 3 121 1
11 D 193 121 1
12 L 3 121 1
12 D 302 121 1
19 L 0 81 1
19 D 286 81 1
3 L 1 45 1
3 D 845 45 1
3 L 1 28 1
3 D 845 28 1
9 L 5 109 1
9 D 1206 109 1
9 L 5 113 1
9 D 1206 113 1
29 L 7 392 1
29 D 1222 392 1
8 L 0 168 1
8 D 768 168 1
25 L 0 112 1
25 D 179 112 1
25 L 0 283 1
25 D 179 283 1
25 L 0 268 1
25 D 179 268 1
26 L 0 21 1
26 D 463 21 1
1 L 0 283 1
1 D 738 283 1
23 L 0 299 1
23 D 789 299 1
16 L 2 26 1
16 D 903 26 1
18 L 8 299 1
18 D 971 299 1
18 L 8 67 1
18 D 971 67 1
18 L 8 253 1
18 D 971 253 1
14 L 0 272 1
14 D 287 272 1
22 L 6 278 1
22 D 944 278 1
22 L 6 35 1
22 D 944 35 1
22 L 6 117 1
22 D 944 117 1
4 L 0 122 1
4 D 951 122 1
4 L 0 272 1
4 D 951 272 1
6 L 3 27 1
6 D 678 27 1
21 L 0 50 1
21 D 212 50 1
21 L 0 201 1
21 D 212 201 1
17 L 9 299 1
17 D 1230 299 1
17 L 9 253 1
17 D 1230 253 1
17 L 9 386 1
17 D 1230 386 1
10 L 7 220 1
10 D 929 220 1
11 L 0 299 1
11 D 925 299 1
11 L 0 119 1
11 D 925 119 1
12 L 0 31 1
12 D 1147 31 1
20 L 0 278 1
20 D 802 278 1
20 L 0 168 1
20 D 802 168 1
20 L 0 227 1
20 D 802 227 1
24 L 5 310 1
24 D 558 310 1
24 L 5 189 1
24 D 558 189 1
2 L 0 81 1
2 D 1046 81 1
2 L 0 129 1
2 D 1046 129 1
28 L 0 83 1
28 D 635 83 1
28 L 0 210 1
28 D 635 210 1
8 L 0 172 1
8 D 657 172 1
13 L 6 219 1
13 D 390 219 1
5 L 2 350 1
5 D 1119 350 1
0 L 7 214 1
0 D 203 214 1
29 L 8 41 1
29 D 555 41 1
9 L 2 283 1
9 D 194 283 1
26 L 5 65 1
26 D 1087 65 1
26 L 5 376 1
26 D 1087 376 1
27 L 0 300 1
27 D 551 300 1
27 L 0 35 1
27 D 551 35 1
4 L 0 149 1
4 D 1199 149 1
4 L 0 287 1
4 D 1199 287 1
3 L 9 128 1
3 D 982 128 1
1 L 2 254 1
1 D 315 254 1
1 L 2 45 1
1 D 315 45 1
23 L 7 145 1
23 D 1133 145 1
23 L 7 245 1
23 D 1133 245 1
19 L 9 371 1
19 D 378 371 1
19 L 9 337 1
19 D 378 337 1
18 L 7 21 1
18 D 26 21 1
18 L 7 105 1
18 D 26 105 1
11 L 3 50 1
11 D 1215 50 1
11 L 3 114 1
11 D 1215 114 1
11 L 3 153 1
11 D 1215 153 1
5 L 0 17 1
5 D 369 17 1
7 L 2 56 1
7 D 912 56 1
25 L 8 125 1
25 D 707 125 1
25 L 8 241 1
25 D 707 241 1
12 L 6 360 1
12 D 993 360 1
12 L 6 114 1
12 D 993 114 1
12 L 6 398 1
12 D 993 398 1
13 L 0 359 1
13 D 465 359 1
22 L 9 115 1
22 D 1009 115 1
22 L 9 283 1
22 D 1009 283 1
22 L 9 25 1
22 D 1009 25 1
21 L 3 123 1
21 D 956 123 1
10 L 8 156 1
10 D 90 156 1
10 L 8 293 1
10 D 90 293 1
15 L 9 386 1
15 D 245 386 1
28 L 3 278 1
28 D 241 278 1
28 L 3 375 1
28 D 241 375 1
0 L 7 76 1
0 D 1182 76 1
2 L 0 149 1
2 D 156 149 1
2 L 0 52 1
2 D 156 52 1
2 L 0 210 1
2 D 156 210 1
16 L 0 2 1
16 D 1191 2 1
24 L 9 303 1
24 D 1098 303 1
29 L 7 398 1
29 D 1128 398 1
29 L 7 289 1
29 D 1128 289 1
20 L 1 211 1
20 D 1121 211 1
9 L 3 126 1
9 D 999 126 1
14 L 3 159 1
14 D 972 159 1
14 L 3 208 1
14 D 972 208 1
14 L 3 96 1
14 D 972 96 1
6 L 2 358 1
6 D 445 358 1
6 L 2 138 1
6 D 445 138 1
6 L 2 253 1
6 D 445 253 1
6 L 2 158 1
6 D 445 158 1
26 L 1 126 1
26 D 1100 126 1
26 L 1 236 1
26 D 1100 236 1
23 L 5 196 1
23 D 916 196 1
1 L 0 262 1
1 D 1186 262 1
18 L 8 126 1
18 D 24 126 1
18 L 8 114 1
18 D 24 114 1
25 L 8 355 1
25 D 992 355 1
7 L 0 375 1
7 D 32 375 1
7 L 0 104 1
7 D 32 104 1
10 L 7 68 1
10 D 666 68 1
10 L 7 278 1
10 D 666 278 1
21 L 9 58 1
21 D 237 58 1
16 L 3 264 1
16 D 794 264 1
29 L 7 88 1
29 D 1233 88 1
29 L 7 223 1
29 D 1233 223 1
12 L 1 171 1
12 D 696 171 1
12 L 1 96 1
12 D 696 96 1
9 L 2 129 1
9 D 309 129 1
9 L 2 246 1
9 D 309 246 1
15 L 6 365 1
15 D 892 365 1
23 L 5 283 1
23 D 1024 283 1
23 L 5 278 1
23 D 1024 278 1
20 L 8 26 1
20 D 8 26 1
20 L 8 16 1
20 D 8 16 1
6 L 5 300 1
6 D 1034 300 1
6 L 5 52 1
6 D 1034 52 1
6 L 5 196 1
6 D 1034 196 1
11 L 9 8 1
11 D 35 8 1
19 L 6 34 1
19 D 51 34 1
5 L 0 360 1
5 D 356 360 1
5 L 0 35 1
5 D 356 35 1
5 L 0 227 1
5 D 356 227 1
17 L 0 83 1
17 D 908 83 1
4 L 0 179 1
4 D 44 179 1
25 L 5 71 1
25 D 400 71 1
3 L 2 384 1
3 D 461 384 1
13 L 7 63 1
13 D 603 63 1
13 L 7 68 1
13 D 603 68 1
13 L 7 83 1
13 D 603 83 1
28 L 1 338 1
28 D 524 338 1
12 L 3 372 1
12 D 154 372 1
14 L 2 47 1
14 D 220 47 1
14 L 2 126 1
14 D 220 126 1
14 L 2 115 1
14 D 220 115 1
14 L 2 304 1
14 D 220 304 1
14 L 2 216 1
14 D 220 216 1
21 L 8 243 1
21 D 619 243 1
21 L 8 312 1
21 D 619 312 1
1 L 0 259 1
1 D 689 259 1
1 L 0 138 1
1 D 689 138 1
7 L 5 184 1
7 D 9 184 1
7 L 5 83 1
7 D 9 83 1
20 L 0 88 1
20 D 83 88 1
20 L 0 8 1
20 D 83 8 1
20 L 0 33 1
20 D 83 33 1
24 L 7 289 1
24 D 9 289 1
15 L 5 208 1
15 D 1151 208 1
8 L 4 126 1
8 D 1076 126 1
8 L 4 81 1
8 D 1076 81 1
8 L 4 248 1
8 D 1076 248 1
9 L 9 230 1
9 D 1007 230 1
27 L 4 45 1
27 D 1081 45 1
22 L 5 328 1
22 D 520 328 1
22 L 5 339 1
22 D 520 339 1
25 L 4 86 1
25 D 520 86 1
26 L 6 317 1
26 D 1071 317 1
0 L 4 63 1
0 D 462 63 1
0 L 4 259 1
0 D 462 259 1
0 L 4 149 1
0 D 462 149 1
0 L 4 35 1
0 D 462 35 1
0 L 4 78 1
0 D 462 78 1
4 L 4 162 1
4 D 273 162 1
4 L 4 88 1
4 D 273 88 1
7 L 0 63 1
7 D 930 63 1
7 L 0 328 1
7 D 930 328 1
3 L 1 230 1
3 D 519 230 1
3 L 1 301 1
3 D 519 301 1
23 L 4 78 1
23 D 120 78 1
23 L 4 371 1
23 D 120 371 1
18 L 3 233 1
18 D 384 233 1
18 L 3 104 1
18 D 384 104 1
19 L 0 276 1
19 D 580 276 1
6 L 3 35 1
6 D 209 35 1
15 L 3 346 1
15 D 276 346 1
21 L 0 290 1
21 D 349 290 1
8 L 1 348 1
8 D 521 348 1
11 L 3 138 1
11 D 496 138 1
27 L 9 126 1
27 D 1225 126 1
27 L 9 251 1
27 D 1225 251 1
13 L 0 149 1
13 D 143 149 1
13 L 0 182 1
13 D 143 182 1
24 L 0 259 1
24 D 1203 259 1
0 L 0 253 1
0 D 716 253 1
0 L 0 294 1
0 D 716 294 1
18 L 0 342 1
18 D 1018 342 1
18 L 0 360 1
18 D 1018 360 1
18 L 0 92 1
18 D 1018 92 1
12 L 9 379 1
12 D 976 379 1
12 L 9 378 1
12 D 976 378 1
29 L 9 215 1
29 D 898 215 1
29 L 9 386 1
29 D 898 386 1
29 L 9 81 1
29 D 898 81 1
15 L 7 35 2
15 D 345 35 2
15 L 7 392 1
15 D 345 392 1
10 L 3 252 1
10 D 321 252 1
10 L 3 278 1
10 D 321 278 1
9 L 7 397 1
9 D 634 397 1
9 L 7 371 1
9 D 634 371 1
1 L 3 268 1
1 D 353 268 1
1 L 3 94 1
1 D 353 94 1
2 L 4 11 1
2 D 353 11 1
6 L 8 290 1
6 D 459 290 1
21 L 5 138 1
21 D 283 138 1
21 L 5 221 1
21 D 283 221 1
14 L 0 276 1
14 D 547 276 1
13 L 3 159 2
13 D 617 159 2
13 L 3 81 1
13 D 617 81 1
5 L 5 325 1
5 D 327 325 1
0 L 5 96 1
0 D 868 96 1
0 L 5 1 1
0 D 868 1 1
20 L 0 278 1
20 D 324 278 1
20 L 0 65 1
20 D 324 65 1
18 L 5 364 1
18 D 411 364 1
18 L 5 300 1
18 D 411 300 1
19 L 2 384 1
19 D 323 384 1
19 L 2 26 1
19 D 323 26 1
7 L 1 129 1
7 D 953 129 1
12 L 8 41 1
12 D 411 41 1
11 L 0 278 1
11 D 754 278 1
11 L 0 172 1
11 D 754 172 1
11 L 0 241 1
11 D 754 241 1
21 L 0 287 1
21 D 206 287 1
8 L 6 227 1
8 D 822 227 1
29 L 9 58 1
29 D 1115 58 1
26 L 4 83 1
26 D 92 83 1
26 L 4 287 1
26 D 92 287 1
16 L 7 97 1
16 D 92 97 1
22 L 6 278 1
22 D 1201 278 1
22 L 6 76 1
22 D 1201 76 1
1 L 3 233 1
1 D 961 233 1
1 L 3 398 1
1 D 961 398 1
18 L 0 270 1
18 D 961 270 1
3 L 0 268 1
3 D 374 268 1
3 L 0 26 1
3 D 374 26 1
3 L 0 72 1
3 D 374 72 1
28 L 6 237 1
28 D 1169 237 1
28 L 6 399 1
28 D 1169 399 1
2 L 5 149 1
2 D 354 149 1
2 L 5 183 1
2 D 354 183 1
12 L 7 145 1
12 D 1064 145 1
12 L 7 203 1
12 D 1064 203 1
12 L 7 215 1
12 D 1064 215 1
19 L 0 247 1
19 D 1064 247 1
9 L 6 299 1
9 D 559 299 1
25 L 3 156 1
25 D 559 156 1
0 L 9 63 1
0 D 881 63 1
0 L 9 386 1
0 D 881 386 1
0 L 9 375 1
0 D 881 375 1
15 L 9 104 1
15 D 894 104 1
15 L 9 243 1
15 D 894 243 1
10 L 5 71 1
10 D 328 71 1
10 L 5 375 1
10 D 328 375 1
27 L 8 230 1
27 D 610 230 1
27 L 8 67 1
27 D 610 67 1
8 L 9 299 1
8 D 1132 299 1
8 L 9 329 1
8 D 1132 329 1
8 L 9 96 1
8 D 1132 96 1
8 L 9 25 1
8 D 1132 25 1
13 L 8 122 1
13 D 511 122 1
1 L 5 184 1
1 D 931 184 1
1 L 5 23 1
1 D 931 23 1
1 L 5 283 1
1 D 931 283 1
18 L 5 278 1
18 D 1157 278 1
18 L 5 229 1
18 D 1157 229 1
23 L 0 45 1
23 D 756 45 1
22 L 2 230 1
22 D 751 230 1
22 L 2 287 1
22 D 751 287 1
22 L 2 397 1
22 D 751 397 1
26 L 1 299 1
26 D 639 299 1
26 L 1 50 1
26 D 639 50 1
26 L 1 245 1
26 D 639 245 1
12 L 5 77 1
12 D 505 77 1
20 L 6 375 1
20 D 1123 375 1
20 L 6 200 1
20 D 1123 200 1
16 L 1 28 1
16 D 667 28 1
16 L 1 26 1
16 D 667 26 1
6 L 3 62 1
6 D 764 62 1
6 L 3 328 1
6 D 764 328 1
6 L 3 114 1
6 D 764 114 1
0 L 2 115 1
0 D 534 115 1
0 L 2 74 1
0 D 534 74 1
29 L 6 231 1
29 D 571 231 1
29 L 6 375 1
29 D 571 375 1
5 L 0 112 1
5 D 636 112 1
5 L 0 168 1
5 D 636 168 1
10 L 3 372 1
10 D 636 372 1
18 L 4 81 1
18 D 80 81 1
18 L 4 185 1
18 D 80 185 1
11 L 3 215 1
11 D 926 215 1
14 L 6 399 1
14 D 926 399 1
21 L 8 382 1
21 D 1076 382 1
7 L 0 31 1
7 D 761 31 1
24 L 3 300 1
24 D 715 300 1
24 L 3 383 1
24 D 715 383 1
4 L 2 278 1
4 D 60 278 1
4 L 2 397 1
4 D 60 397 1
4 L 2 314 1
4 D 60 314 1
22 L 2 328 1
22 D 131 328 1
6 L 2 287 1
6 D 41 287 1
1 L 3 233 1
1 D 371 233 1
15 L 8 258 1
15 D 1249 258 1
15 L 8 40 1
15 D 1249 40 1
5 L 3 252 1
5 D 326 252 1
5 L 3 208 1
5 D 326 208 1
5 L 3 153 1
5 D 326 153 1
19 L 7 97 1
19 D 1235 97 1
29 L 3 80 1
29 D 242 80 1
28 L 9 369 1
28 D 1184 369 1
28 L 9 235 1
28 D 1184 235 1
10 L 3 6 1
10 D 338 6 1
10 L 3 300 1
10 D 338 300 1
10 L 3 153 1
10 D 338 153 1
17 L 4 203 1
17 D 74 203 1
17 L 4 86 1
17 D 74 86 1
3 L 5 62 1
3 D 351 62 1
3 L 5 112 1
3 D 351 112 1
3 L 5 138 1
3 D 351 138 1
3 L 5 114 1
3 D 351 114 1
3 L 5 344 1
3 D 351 344 1
4 L 1 149 1
4 D 1175 149 1
4 L 1 189 1
4 D 1175 189 1
9 L 0 236 1
9 D 1077 236 1
27 L 9 253 1
27 D 346 253 1
27 L 9 386 1
27 D 346 386 1
12 L 7 97 1
12 D 346 97 1
23 L 5 113 1
23 D 312 113 1
11 L 0 31 1
11 D 312 31 1
15 L 0 276 1
15 D 1051 276 1
15 L 0 218 1
15 D 1051 218 1
15 L 0 17 1
15 D 1051 17 1
8 L 6 129 1
8 D 452 129 1
8 L 6 76 1
8 D 452 76 1
0 L 2 397 1
0 D 630 397 1
0 L 2 158 1
0 D 630 158 1
1 L 6 297 1
1 D 313 297 1
1 L 6 399 1
1 D 313 399 1
5 L 7 105 1
5 D 513 105 1
5 L 7 383 1
5 D 513 383 1
10 L 7 63 1
10 D 1058 63 1
28 L 3 372 1
28 D 1058 372 1
2 L 5 376 1
2 D 1058 376 1
21 L 1 278 1
21 D 954 278 1
7 L 9 114 1
7 D 568 114 1
7 L 9 29 1
7 D 568 29 1
7 L 9 218 1
7 D 568 218 1
7 L 9 354 1
7 D 568 354 1
22 L 3 372 1
22 D 238 372 1
3 L 7 63 1
3 D 595 63 1
3 L 7 114 1
3 D 595 114 1
3 L 7 97 1
3 D 595 97 1
6 L 1 216 1
6 D 256 216 1
6 L 1 189 1
6 D 256 189 1
16 L 1 297 1
16 D 115 297 1
24 L 0 8 1
24 D 878 8 1
24 L 0 136 1
24 D 878 136 1
10 L 7 50 1
10 D 389 50 1
10 L 7 241 1
10 D 389 241 1
27 L 0 300 1
27 D 118 300 1
11 L 2 62 1
11 D 145 62 1
11 L 2 384 1
11 D 145 384 1
19 L 6 192 1
19 D 118 192 1
21 L 0 241 1
21 D 150 241 1
21 L 0 17 1
21 D 150 17 1
18 L 7 189 1
18 D 1232 189 1
18 L 7 97 1
18 D 1232 97 1
15 L 1 370 1
15 D 389 370 1
13 L 0 397 1
13 D 974 397 1
13 L 0 120 1
13 D 974 120 1
26 L 6 83 1
26 D 795 83 1
26 L 6 218 1
26 D 795 218 1
4 L 3 17 1
4 D 561 17 1
4 L 3 280 1
4 D 561 280 1
25 L 8 149 1
25 D 1011 149 1
23 L 5 376 1
23 D 1011 376 1
3 L 9 235 1
3 D 126 235 1
7 L 0 45 1
7 D 796 45 1
6 L 1 262 1
6 D 561 262 1
10 L 5 364 1
10 D 1050 364 1
10 L 5 71 1
10 D 1050 71 1
20 L 4 306 1
20 D 1050 306 1
24 L 3 88 1
24 D 839 88 1
24 L 3 122 1
24 D 839 122 1
24 L 3 372 1
24 D 839 372 1
28 L 1 171 1
28 D 530 171 1
28 L 1 96 1
28 D 530 96 1
14 L 1 62 1
14 D 677 62 1
14 L 1 211 1
14 D 677 211 1
16 L 9 235 1
16 D 677 235 1
27 L 1 126 1
27 D 979 126 1
11 L 1 350 1
11 D 616 350 1
2 L 1 287 1
2 D 990 287 1
2 L 1 375 1
2 D 990 375 1
2 L 1 104 1
2 D 990 104 1
25 L 0 179 1
25 D 770 179 1
25 L 0 114 1
25 D 770 114 1
25 L 0 81 1
25 D 770 81 1
25 L 0 96 1
25 D 770 96 1
29 L 9 303 1
29 D 770 303 1
26 L 3 80 1
26 D 808 80 1
13 L 5 137 1
13 D 808 137 1
13 L 5 81 1
13 D 808 81 1
13 L 5 71 1
13 D 808 71 1
13 L 5 375 1
13 D 808 375 1
17 L 1 278 1
17 D 870 278 1
18 L 0 168 1
18 D 870 168 1
6 L 1 333 1
6 D 80 333 1
4 L 1 278 1
4 D 731 278 1
4 L 1 357 1
4 D 731 357 1
0 L 9 114 1
0 D 640 114 1
0 L 9 290 1
0 D 640 290 1
27 L 3 342 1
27 D 130 342 1
27 L 3 233 1
27 D 130 233 1
27 L 3 17 1
27 D 130 17 1
24 L 4 139 1
24 D 75 139 1
1 L 1 199 1
1 D 473 199 1
19 L 6 397 1
19 D 964 397 1
11 L 1 192 1
11 D 516 192 1
11 L 1 106 1
11 D 516 106 1
10 L 1 342 1
10 D 856 342 1
10 L 1 211 1
10 D 856 211 1
12 L 6 142 1
12 D 856 142 1
14 L 1 375 1
14 D 116 375 1
26 L 7 392 1
26 D 742 392 1
7 L 1 149 1
7 D 358 149 1
21 L 3 149 1
21 D 489 149 1
21 L 3 8 1
21 D 489 8 1
21 L 3 297 1
21 D 489 297 1
13 L 3 216 1
13 D 1013 216 1
13 L 3 94 1
13 D 1013 94 1
13 L 3 233 1
13 D 1013 233 1
13 L 3 52 1
13 D 1013 52 1
4 L 0 168 1
4 D 973 168 1
6 L 3 380 1
6 D 973 380 1
5 L 5 364 1
5 D 921 364 1
3 L 9 251 1
3 D 921 251 1
19 L 9 216 1
19 D 1187 216 1
19 L 9 81 1
19 D 1187 81 1
19 L 9 58 1
19 D 1187 58 1
0 L 6 335 1
0 D 975 335 1
11 L 8 383 1
11 D 1187 383 1
25 L 0 343 1
25 D 239 343 1
1 L 7 95 1
1 D 557 95 1
1 L 7 97 1
1 D 557 97 1
22 L 1 129 1
22 D 806 129 1
22 L 1 371 1
22 D 806 371 1
20 L 2 243 1
20 D 676 243 1
14 L 5 184 1
14 D 506 184 1
14 L 5 398 1
14 D 506 398 1
8 L 1 138 1
8 D 911 138 1
8 L 1 287 1
8 D 911 287 1
8 L 1 371 1
8 D 911 371 1
12 L 0 300 1
12 D 19 300 1
12 L 0 276 1
12 D 19 276 1
12 L 0 278 1
12 D 19 278 1
21 L 9 337 1
21 D 19 337 1
6 L 2 254 1
6 D 332 254 1
6 L 2 280 1
6 D 332 280 1
5 L 5 52 1
5 D 1193 52 1
5 L 5 290 1
5 D 1193 290 1
13 L 2 384 1
13 D 994 384 1
13 L 2 35 1
13 D 994 35 1
13 L 2 208 1
13 D 994 208 1
17 L 4 78 1
17 D 994 78 1
17 L 4 17 1
17 D 994 17 1
18 L 1 338 1
18 D 1193 338 1
15 L 5 364 1
15 D 923 364 1
15 L 5 382 1
15 D 923 382 1
9 L 2 87 1
9 D 923 87 1
3 L 4 63 1
3 D 47 63 1
3 L 4 138 1
3 D 47 138 1
3 L 4 375 1
3 D 47 375 1
0 L 5 285 1
0 D 47 285 1
11 L 5 253 1
11 D 254 253 1
11 L 5 244 1
11 D 254 244 1
20 L 4 162 1
20 D 453 162 1
27 L 0 168 1
27 D 453 168 1
14 L 7 105 1
14 D 872 105 1
19 L 0 247 1
19 D 872 247 1
21 L 0 304 1
21 D 869 304 1
21 L 0 278 1
21 D 869 278 1
26 L 8 312 1
26 D 1063 312 1
8 L 8 67 1
8 D 1178 67 1
8 L 8 104 1
8 D 1178 104 1
8 L 8 201 1
8 D 1178 201 1
15 L 1 109 1
15 D 788 109 1
20 L 0 299 1
20 D 6 299 1
20 L 0 215 1
20 D 6 215 1
27 L 7 392 1
27 D 6 392 1
7 L 1 252 1
7 D 893 252 1
7 L 1 241 1
7 D 893 241 1
7 L 1 288 1
7 D 893 288 1
0 L 0 272 1
0 D 825 272 1
13 L 8 146 1
13 D 486 146 1
19 L 1 28 1
19 D 1213 28 1
25 L 0 215 1
25 D 497 215 1
25 L 0 179 1
25 D 497 179 1
25 L 0 189 1
25 D 497 189 1
14 L 3 340 1
14 D 497 340 1
22 L 9 8 1
22 D 158 8 1
22 L 9 129 1
22 D 158 129 1
22 L 9 251 1
22 D 158 251 1
21 L 8 360 1
21 D 1139 360 1
21 L 8 129 1
21 D 1139 129 1
1 L 6 283 1
1 D 1161 283 1
6 L 0 137 1
6 D 1124 137 1
5 L 0 164 1
5 D 1124 164 1
12 L 8 148 1
12 D 987 148 1
12 L 8 383 1
12 D 987 383 1
15 L 6 142 1
15 D 86 142 1
23 L 7 278 1
23 D 1066 278 1
23 L 7 123 1
23 D 1066 123 1
23 L 7 104 1
23 D 1066 104 1
17 L 5 23 1
17 D 262 23 1
17 L 5 26 1
17 D 262 26 1
17 L 5 163 1
17 D 262 163 1
9 L 5 113 1
9 D 262 113 1
13 L 5 227 1
13 D 834 227 1
13 L 5 71 1
13 D 834 71 1
13 L 5 191 1
13 D 834 191 1
3 L 0 246 1
3 D 834 246 1
3 L 0 385 1
3 D 834 385 1
7 L 0 296 1
7 D 81 296 1
26 L 3 233 1
26 D 123 233 1
26 L 3 210 1
26 D 123 210 1
28 L 1 214 1
28 D 123 214 1
21 L 3 297 1
21 D 778 297 1
8 L 7 68 1
8 D 310 68 1
8 L 7 104 1
8 D 310 104 1
14 L 1 17 1
14 D 1211 17 1
14 L 1 198 1
14 D 1211 198 1
16 L 6 51 1
16 D 1211 51 1
24 L 3 278 1
24 D 446 278 1
3 L 0 241 1
3 D 891 241 1
12 L 8 300 1
12 D 1047 300 1
12 L 8 8 1
12 D 1047 8 1
12 L 8 375 1
12 D 1047 375 1
19 L 6 197 1
19 D 563 197 1
19 L 6 360 1
19 D 563 360 1
19 L 6 35 1
19 D 563 35 1
19 L 6 4 1
19 D 563 4 1
27 L 7 145 1
27 D 319 145 1
27 L 7 397 1
27 D 319 397 1
27 L 7 172 1
27 D 319 172 1
27 L 7 104 1
27 D 319 104 1
13 L 2 284 1
13 D 319 284 1
9 L 7 278 1
9 D 1003 278 1
17 L 7 68 1
17 D 1136 68 1
17 L 7 283 1
17 D 1136 283 1
17 L 7 201 1
17 D 1136 201 1
7 L 3 80 1
7 D 1084 80 1
7 L 3 35 1
7 D 1084 35 1
29 L 3 63 1
29 D 577 63 1
29 L 3 329 1
29 D 577 329 1
29 L 3 80 1
29 D 577 80 1
10 L 2 45 1
10 D 342 45 1
2 L 8 125 1
2 D 342 125 1
2 L 8 314 1
2 D 342 314 1
22 L 6 238 1
22 D 1084 238 1
8 L 2 319 1
8 D 554 319 1
20 L 8 355 1
20 D 625 355 1
16 L 0 31 1
16 D 563 31 1
18 L 1 227 1
18 D 573 227 1
18 L 1 129 1
18 D 573 129 1
10 L 5 241 1
10 D 263 241 1
10 L 5 244 1
10 D 263 244 1
23 L 9 62 1
23 D 1248 62 1
13 L 8 67 1
13 D 296 67 1
13 L 8 218 1
13 D 296 218 1
13 L 8 129 1
13 D 296 129 1
17 L 4 255 1
17 D 25 255 1
17 L 4 208 1
17 D 25 208 1
21 L 0 247 1
21 D 25 247 1
22 L 1 198 1
22 D 25 198 1
2 L 5 149 1
2 D 64 149 1
2 L 5 35 1
2 D 64 35 1
2 L 5 297 1
2 D 64 297 1
4 L 2 201 1
4 D 64 201 1
24 L 7 97 1
24 D 853 97 1
0 L 5 183 1
0 D 670 183 1
7 L 0 215 1
7 D 117 215 1
7 L 0 45 1
7 D 117 45 1
25 L 7 108 1
25 D 117 108 1
3 L 0 182 1
3 D 387 182 1
14 L 5 23 1
14 D 579 23 1
14 L 5 283 1
14 D 579 283 1
14 L 5 227 1
14 D 579 227 1
14 L 5 83 1
14 D 579 83 1
19 L 3 308 1
19 D 579 308 1
1 L 3 259 1
1 D 629 259 1
28 L 0 276 1
28 D 1216 276 1
28 L 0 382 1
28 D 1216 382 1
11 L 1 252 1
11 D 477 252 1
11 L 1 360 1
11 D 477 360 1
11 L 1 152 1
11 D 477 152 1
11 L 1 317 1
11 D 477 317 1
11 L 1 375 1
11 D 477 375 1
10 L 3 382 1
10 D 477 382 1
15 L 1 316 1
15 D 783 316 1
15 L 1 397 1
15 D 783 397 1
15 L 1 95 1
15 D 783 95 1
21 L 6 50 1
21 D 211 50 1
21 L 6 142 1
21 D 211 142 1
27 L 0 299 1
27 D 798 299 1
6 L 1 129 1
6 D 798 129 1
7 L 5 360 1
7 D 622 360 1
7 L 5 397 1
7 D 622 397 1
7 L 5 398 1
7 D 622 398 1
12 L 5 340 1
12 D 622 340 1
2 L 9 29 1
2 D 812 29 1
2 L 9 26 1
2 D 812 26 1
20 L 4 200 1
20 D 1204 200 1
20 L 4 86 1
20 D 1204 86 1
3 L 0 146 1
3 D 1204 146 1
8 L 2 112 1
8 D 741 112 1
8 L 2 84 1
8 D 741 84 1
0 L 1 119 1
0 D 630 119 1
26 L 1 198 1
26 D 140 198 1
13 L 6 321 1
13 D 74 321 1
18 L 6 227 1
18 D 29 227 1
17 L 9 96 1
17 D 1096 96 1
14 L 7 220 1
14 D 1096 220 1
2 L 0 73 1
2 D 49 73 1
27 L 4 218 1
27 D 606 218 1
27 L 4 59 1
27 D 606 59 1
4 L 9 235 1
4 D 141 235 1
6 L 6 305 1
6 D 141 305 1
9 L 7 371 1
9 D 89 371 1
20 L 5 112 1
20 D 460 112 1
20 L 5 1 1
20 D 460 1 1
20 L 5 104 1
20 D 460 104 1
24 L 1 338 1
24 D 460 338 1
25 L 1 283 1
25 D 960 283 1
25 L 1 81 1
25 D 960 81 1
12 L 0 73 1
12 D 960 73 1
19 L 0 296 1
19 D 577 296 1
10 L 7 289 1
10 D 223 289 1
1 L 2 283 1
1 D 718 283 1
26 L 8 367 1
26 D 718 367 1
13 L 1 350 1
13 D 606 350 1
18 L 5 364 1
18 D 747 364 1
18 L 5 152 1
18 D 747 152 1
18 L 5 71 1
18 D 747 71 1
18 L 5 210 1
18 D 747 210 1
29 L 1 28 1
29 D 1177 28 1
8 L 1 104 1
8 D 835 104 1
14 L 0 347 1
14 D 835 347 1
22 L 3 6 1
22 D 1112 6 1
22 L 3 360 1
22 D 1112 360 1
22 L 3 83 1
22 D 1112 83 1
27 L 5 184 1
27 D 225 184 1
27 L 5 63 1
27 D 225 63 1
27 L 5 268 1
27 D 225 268 1
27 L 5 397 1
27 D 225 397 1
28 L 1 349 1
28 D 1112 349 1
28 L 1 383 1
28 D 1112 383 1
17 L 4 35 1
17 D 267 35 1
17 L 4 374 1
17 D 267 374 1
23 L 8 257 1
23 D 267 257 1
15 L 9 265 1
15 D 1238 265 1
7 L 0 272 1
7 D 1162 272 1
21 L 1 370 1
21 D 577 370 1
9 L 9 283 1
9 D 442 283 1
9 L 9 29 1
9 D 442 29 1
9 L 9 144 1
9 D 442 144 1
2 L 5 184 1
2 D 68 184 1
2 L 5 122 1
2 D 68 122 1
2 L 5 375 1
2 D 68 375 1
2 L 5 172 1
2 D 68 172 1
1 L 0 154 1
1 D 68 154 1
11 L 8 149 1
11 D 601 149 1
5 L 4 162 1
5 D 584 162 1
5 L 4 216 1
5 D 584 216 1
29 L 6 90 1
29 D 968 90 1
6 L 0 328 1
6 D 701 328 1
6 L 0 230 1
6 D 701 230 1
6 L 0 179 1
6 D 701 179 1
16 L 5 8 1
16 D 192 8 1
16 L 5 71 1
16 D 192 71 1
17 L 0 299 1
17 D 67 299 1
17 L 0 26 1
17 D 67 26 1
17 L 0 181 1
17 D 67 181 1
15 L 3 126 1
15 D 301 126 1
15 L 3 94 1
15 D 301 94 1
19 L 6 231 1
19 D 301 231 1
19 L 6 397 1
19 D 301 397 1
12 L 7 97 1
12 D 570 97 1
3 L 0 360 1
3 D 474 360 1
25 L 9 256 1
25 D 474 256 1
28 L 2 299 1
28 D 434 299 1
28 L 2 360 1
28 D 434 360 1
1 L 3 153 1
1 D 434 153 1
9 L 8 50 1
9 D 755 50 1
9 L 8 360 1
9 D 755 360 1
9 L 8 41 1
9 D 755 41 1
11 L 8 125 1
11 D 730 125 1
11 L 8 398 1
11 D 730 398 1
26 L 1 304 1
26 D 1062 304 1
26 L 1 172 1
26 D 1062 172 1
5 L 2 384 1
5 D 439 384 1
4 L 7 289 1
4 D 842 289 1
6 L 7 105 1
6 D 299 105 1
18 L 7 299 1
18 D 419 299 1
18 L 7 63 1
18 D 419 63 1
18 L 7 68 1
18 D 419 68 1
3 L 2 384 1
3 D 686 384 1
3 L 2 35 1
3 D 686 35 1
14 L 5 196 1
14 D 455 196 1
14 L 5 104 1
14 D 455 104 1
1 L 9 203 1
1 D 1149 203 1
1 L 9 278 1
1 D 1149 278 1
1 L 9 303 1
1 D 1149 303 1
27 L 3 27 1
27 D 1149 27 1
0 L 6 335 1
0 D 485 335 1
5 L 0 360 1
5 D 255 360 1
5 L 0 73 1
5 D 255 73 1
22 L 1 197 1
22 D 818 197 1
22 L 1 299 1
22 D 818 299 1
28 L 0 296 1
28 D 818 296 1
28 L 0 374 1
28 D 818 374 1
2 L 1 360 1
2 D 382 360 1
2 L 1 122 1
2 D 382 122 1
2 L 1 208 1
2 D 382 208 1
10 L 0 285 1
10 D 243 285 1
18 L 2 299 1
18 D 331 299 1
18 L 2 50 1
18 D 331 50 1
23 L 6 53 1
23 D 331 53 1
23 L 6 231 1
23 D 331 231 1
21 L 2 378 1
21 D 638 378 1
24 L 6 348 1
24 D 638 348 1
0 L 0 360 1
0 D 632 360 1
0 L 0 189 1
0 D 632 189 1
7 L 6 215 1
7 D 185 215 1
14 L 1 141 1
14 D 632 141 1
27 L 5 71 1
27 D 562 71 1
27 L 5 371 1
27 D 562 371 1
26 L 4 299 1
26 D 627 299 1
26 L 4 122 1
26 D 627 122 1
26 L 4 76 1
26 D 627 76 1
20 L 0 16 1
20 D 627 16 1
10 L 3 224 1
10 D 747 224 1
8 L 9 50 1
8 D 1190 50 1
8 L 9 128 1
8 D 1190 128 1
17 L 3 153 1
17 D 1093 153 1
17 L 3 241 1
17 D 1093 241 1
6 L 1 35 1
6 D 525 35 1
6 L 1 123 1
6 D 525 123 1
16 L 0 290 1
16 D 699 290 1
16 L 0 301 1
16 D 699 301 1
4 L 7 108 1
4 D 699 108 1
2 L 4 283 1
2 D 786 283 1
2 L 4 352 1
2 D 786 352 1
9 L 5 23 1
9 D 290 23 1
25 L 3 233 1
25 D 290 233 1
12 L 6 253 1
12 D 1010 253 1
12 L 6 216 1
12 D 1010 216 1
12 L 6 104 1
12 D 1010 104 1
24 L 6 142 1
24 D 786 142 1
15 L 0 283 1
15 D 1244 283 1
15 L 0 215 1
15 D 1244 215 1
28 L 7 392 1
28 D 1244 392 1
19 L 9 58 1
19 D 1244 58 1
8 L 7 299 1
8 D 1236 299 1
8 L 7 149 1
8 D 1236 149 1
8 L 7 68 1
8 D 1236 68 1
10 L 3 159 1
10 D 1236 159 1
10 L 3 372 1
10 D 1236 372 1
0 L 5 212 1
0 D 629 212 1
17 L 6 299 1
17 D 531 299 1
17 L 6 283 1
17 D 531 283 1
17 L 6 375 1
17 D 531 375 1
17 L 6 399 1
17 D 531 399 1
23 L 0 181 1
23 D 531 181 1
7 L 8 278 1
7 D 647 278 1
7 L 8 314 1
7 D 647 314 1
25 L 1 16 1
25 D 647 16 1
3 L 8 96 1
3 D 278 96 1
3 L 8 131 1
3 D 278 131 1
20 L 5 197 1
20 D 801 197 1
21 L 5 184 1
21 D 708 184 1
27 L 1 65 1
27 D 708 65 1
1 L 5 286 1
1 D 708 286 1
2 L 3 278 1
2 D 1226 278 1
14 L 5 149 1
14 D 1145 149 1
14 L 5 8 1
14 D 1145 8 1
14 L 5 183 1
14 D 1145 183 1
14 L 5 287 1
14 D 1145 287 1
28 L 1 347 1
28 D 1145 347 1
29 L 5 283 1
29 D 491 283 1
29 L 5 114 1
29 D 491 114 1
29 L 5 344 1
29 D 491 344 1
29 L 5 210 1
29 D 491 210 1
4 L 1 262 1
4 D 801 262 1
18 L 5 364 1
18 D 7 364 1
18 L 5 76 1
18 D 7 76 1
3 L 2 205 1
3 D 7 205 1
12 L 3 121 1
12 D 1004 121 1
23 L 9 74 1
23 D 728 74 1
23 L 9 303 1
23 D 728 303 1
21 L 6 51 1
21 D 728 51 1
8 L 1 191 1
8 D 1214 191 1
8 L 1 371 1
8 D 1214 371 1
8 L 1 210 1
8 D 1214 210 1
16 L 6 142 1
16 D 294 142 1
9 L 8 216 1
9 D 1097 216 1
7 L 9 328 2
7 D 1245 328 2
7 L 9 114 2
7 D 1245 114 2
13 L 1 370 1
13 D 811 370 1
20 L 5 23 1
20 D 106 23 1
20 L 5 35 1
20 D 106 35 1
25 L 1 62 1
25 D 226 62 1
25 L 1 211 1
25 D 226 211 1
12 L 7 192 1
12 D 226 192 1
11 L 5 184 1
11 D 88 184 1
11 L 5 50 1
11 D 88 50 1
11 L 5 47 1
11 D 88 47 1
11 L 5 278 1
11 D 88 278 1
22 L 6 354 1
22 D 91 354 1
22 L 6 89 1
22 D 91 89 1
14 L 2 7 1
14 D 1194 7 1
21 L 4 278 1
21 D 1140 278 1
21 L 4 216 1
21 D 1140 216 1
21 L 4 287 1
21 D 1140 287 1
0 L 6 335 1
0 D 584 335 1
1 L 0 63 1
1 D 210 63 1
1 L 0 300 1
1 D 210 300 1
1 L 0 398 1
1 D 210 398 1
24 L 0 189 1
24 D 556 189 1
24 L 0 172 1
24 D 556 172 1
26 L 0 347 1
26 D 556 347 1
5 L 8 287 1
5 D 175 287 1
12 L 2 300 1
12 D 995 300 1
12 L 2 8 1
12 D 995 8 1
12 L 2 237 1
12 D 995 237 1
20 L 3 8 1
20 D 300 8 1
20 L 3 233 1
20 D 300 233 1
3 L 3 360 1
3 D 767 360 1
3 L 3 233 1
3 D 767 233 1
3 L 3 83 1
3 D 767 83 1
13 L 8 161 1
13 D 767 161 1
11 L 5 21 1
11 D 249 21 1
28 L 2 259 1
28 D 952 259 1
19 L 6 365 1
19 D 952 365 1
7 L 6 238 1
7 D 1160 238 1
6 L 3 63 1
6 D 78 63 1
6 L 3 80 1
6 D 78 80 1
9 L 5 212 1
9 D 660 212 1
23 L 2 62 1
23 D 910 62 1
23 L 2 197 1
23 D 910 197 1
23 L 2 342 1
23 D 910 342 1
23 L 2 375 1
23 D 910 375 1
0 L 2 358 1
0 D 680 358 1
0 L 2 149 1
0 D 680 149 1
10 L 7 289 1
10 D 680 289 1
10 L 7 76 1
10 D 680 76 1
24 L 6 63 1
24 D 367 63 1
8 L 3 20 1
8 D 367 20 1
11 L 8 314 1
11 D 491 314 1
13 L 4 185 1
13 D 491 185 1
3 L 8 26 1
3 D 147 26 1
16 L 0 10 1
16 D 17 10 1
21 L 3 253 1
21 D 1122 253 1
21 L 3 159 1
21 D 1122 159 1
21 L 3 325 1
21 D 1122 325 1
21 L 3 398 1
21 D 1122 398 1
25 L 9 268 1
25 D 187 268 1
25 L 9 25 1
25 D 187 25 1
27 L 1 136 1
27 D 187 136 1
20 L 9 327 1
20 D 672 327 1
22 L 6 50 1
22 D 736 50 1
22 L 6 231 1
22 D 736 231 1
22 L 6 359 1
22 D 736 359 1
2 L 3 50 1
2 D 348 50 1
2 L 3 304 1
2 D 348 304 1
2 L 3 96 1
2 D 348 96 1
14 L 6 238 1
14 D 1140 238 1
19 L 8 129 1
19 D 854 129 1
19 L 8 191 1
19 D 854 191 1
19 L 8 125 1
19 D 854 125 1
4 L 9 52 1
4 D 1037 52 1
24 L 9 114 1
24 D 814 114 1
24 L 9 313 1
24 D 814 313 1
1 L 8 22 1
1 D 1000 22 1
11 L 8 125 1
11 D 1000 125 1
21 L 0 247 1
21 D 357 247 1
21 L 0 95 1
21 D 357 95 1
7 L 7 283 1
7 D 757 283 1
7 L 7 243 1
7 D 757 243 1
27 L 1 186 1
27 D 757 186 1
20 L 0 182 1
20 D 814 182 1
9 L 5 63 1
9 D 576 63 1
9 L 5 364 1
9 D 576 364 1
9 L 5 253 1
9 D 576 253 1
9 L 5 114 1
9 D 576 114 1
17 L 3 94 1
17 D 576 94 1
2 L 5 196 1
2 D 576 196 1
16 L 7 105 1
16 D 333 105 1
6 L 2 284 1
6 D 333 284 1
8 L 1 211 1
8 D 1220 211 1
8 L 1 189 1
8 D 1220 189 1
8 L 1 371 1
8 D 1220 371 1
12 L 0 181 1
12 D 1220 181 1
0 L 1 283 1
0 D 134 283 1
4 L 0 96 1
4 D 618 96 1
4 L 0 189 1
4 D 618 189 1
17 L 0 269 1
17 D 618 269 1
5 L 4 318 1
5 D 817 318 1
5 L 4 189 1
5 D 817 189 1
6 L 3 308 1
6 D 817 308 1
21 L 1 328 1
21 D 984 328 1
21 L 1 203 1
21 D 984 203 1
21 L 1 216 1
21 D 984 216 1
25 L 7 332 1
25 D 984 332 1
19 L 1 278 1
19 D 1152 278 1
19 L 1 375 1
19 D 1152 375 1
19 L 1 104 1
19 D 1152 104 1
20 L 4 149 1
20 D 1068 149 1
20 L 4 115 1
20 D 1068 115 1
20 L 4 138 1
20 D 1068 138 1
20 L 4 189 1
20 D 1068 189 1
24 L 2 329 1
24 D 113 329 1
24 L 2 328 1
24 D 113 328 1
24 L 2 88 1
24 D 113 88 1
24 L 2 77 1
24 D 113 77 1
24 L 2 317 1
24 D 113 317 1
26 L 6 399 1
26 D 113 399 1
13 L 2 319 1
13 D 192 319 1
8 L 6 142 1
8 D 106 142 1
1 L 0 2 1
1 D 106 2 1
12 L 1 126 1
12 D 466 126 1
11 L 3 77 1
11 D 100 77 1
11 L 3 206 1
11 D 100 206 1
9 L 8 279 1
9 D 100 279 1
5 L 4 300 1
5 D 28 300 1
5 L 4 52 1
5 D 28 52 1
5 L 4 78 1
5 D 28 78 1
16 L 4 252 1
16 D 512 252 1
16 L 4 114 1
16 D 512 114 1
16 L 4 78 1
16 D 512 78 1
16 L 4 297 1
16 D 512 297 1
6 L 0 186 1
6 D 512 186 1
17 L 1 299 1
17 D 471 299 1
17 L 1 189 1
17 D 471 189 1
4 L 0 350 1
4 D 471 350 1
21 L 8 131 1
21 D 70 131 1
19 L 5 299 1
19 D 320 299 1
19 L 5 364 1
19 D 320 364 1
19 L 5 149 1
19 D 320 149 1
19 L 5 300 1
19 D 320 300 1
14 L 9 29 1
14 D 320 29 1
15 L 1 54 1
15 D 320 54 1
15 L 1 70 1
15 D 320 70 1
25 L 9 58 1
25 D 608 58 1
11 L 2 7 1
11 D 359 7 1
1 L 8 257 1
1 D 608 257 1
18 L 0 149 1
18 D 85 149 1
24 L 6 252 1
24 D 1073 252 1
24 L 6 215 1
24 D 1073 215 1
24 L 6 45 1
24 D 1073 45 1
12 L 0 179 1
12 D 1073 179 1
6 L 2 358 1
6 D 129 358 1
6 L 2 81 1
6 D 129 81 1
6 L 2 191 1
6 D 129 191 1
23 L 5 113 1
23 D 129 113 1
7 L 8 285 1
7 D 1073 285 1
10 L 3 123 1
10 D 659 123 1
10 L 3 153 1
10 D 659 153 1
27 L 1 328 1
27 D 705 328 1
27 L 1 216 1
27 D 705 216 1
27 L 1 237 1
27 D 705 237 1
20 L 6 63 1
20 D 98 63 1
29 L 4 63 1
29 D 948 63 1
22 L 0 296 1
22 D 84 296 1
18 L 5 23 1
18 D 483 23 1
18 L 5 216 1
18 D 483 216 1
5 L 5 197 1
5 D 793 197 1
5 L 5 184 1
5 D 793 184 1
9 L 5 360 1
9 D 132 360 1
9 L 5 138 1
9 D 132 138 1
9 L 5 183 1
9 D 132 183 1
1 L 1 316 1
1 D 599 316 1
14 L 6 399 1
14 D 599 399 1
13 L 6 174 1
13 D 483 174 1
16 L 0 247 1
16 D 78 247 1
16 L 0 210 1
16 D 78 210 1
26 L 7 145 1
26 D 1142 145 1
26 L 7 126 1
26 D 1142 126 1
6 L 9 369 1
6 D 1142 369 1
21 L 2 60 1
21 D 1142 60 1
3 L 5 1 1
3 D 858 1 1
18 L 3 20 1
18 D 858 20 1
11 L 7 63 1
11 D 490 63 1
11 L 7 114 1
11 D 490 114 1
11 L 7 374 1
11 D 490 374 1
22 L 0 182 1
22 D 300 182 1
7 L 8 161 1
7 D 132 161 1
2 L 8 298 1
2 D 490 298 1
29 L 1 147 1
29 D 300 147 1
27 L 9 129 1
27 D 857 129 1
1 L 3 233 1
1 D 449 233 1
1 L 3 372 1
1 D 449 372 1
1 L 3 172 1
1 D 449 172 1
12 L 1 261 1
12 D 857 261 1
20 L 1 287 1
20 D 883 287 1
20 L 1 210 1
20 D 883 210 1
13 L 2 299 1
13 D 867 299 1
13 L 2 34 1
13 D 867 34 1
13 L 2 17 1
13 D 867 17 1
23 L 9 293 1
23 D 867 293 1
24 L 1 261 1
24 D 867 261 1
3 L 2 328 1
3 D 1020 328 1
7 L 4 26 1
7 D 523 26 1
7 L 4 139 1
7 D 523 139 1
7 L 4 189 1
7 D 523 189 1
6 L 9 265 1
6 D 1117 265 1
8 L 6 365 1
8 D 1117 365 1
28 L 3 153 1
28 D 1143 153 1
5 L 1 338 1
5 D 1143 338 1
0 L 4 162 1
0 D 1069 162 1
0 L 4 243 1
0 D 1069 243 1
0 L 4 169 1
0 D 1069 169 1
17 L 3 35 1
17 D 1085 35 1
17 L 3 372 1
17 D 1085 372 1
27 L 1 111 1
27 D 1085 111 1
1 L 8 186 1
1 D 1085 186 1
15 L 8 47 1
15 D 432 47 1
15 L 8 360 1
15 D 432 360 1
15 L 8 313 1
15 D 432 313 1
15 L 8 104 1
15 D 432 104 1
9 L 2 202 1
9 D 432 202 1
2 L 6 217 1
2 D 1122 217 1
2 L 6 16 1
2 D 1122 16 1
25 L 1 111 1
25 D 1068 111 1
19 L 6 90 1
19 D 1068 90 1
6 L 6 238 1
6 D 98 238 1
4 L 0 300 1
4 D 10 300 1
10 L 8 367 1
10 D 10 367 1
16 L 9 62 1
16 D 749 62 1
16 L 9 337 1
16 D 749 337 1
12 L 1 348 1
12 D 749 348 1
28 L 8 257 1
28 D 749 257 1
14 L 6 305 1
14 D 739 305 1
21 L 3 80 1
21 D 605 80 1
21 L 3 129 1
21 D 605 129 1
17 L 3 121 1
17 D 605 121 1
8 L 5 364 1
8 D 157 364 1
8 L 5 45 1
8 D 157 45 1
8 L 5 317 1
8 D 157 317 1
0 L 3 45 1
0 D 383 45 1
11 L 4 86 1
11 D 383 86 1
7 L 3 80 1
7 D 480 80 1
10 L 2 52 1
10 D 480 52 1
12 L 6 335 1
12 D 480 335 1
24 L 1 35 1
24 D 650 35 1
24 L 1 191 1
24 D 650 191 1
16 L 1 327 1
16 D 650 327 1
6 L 1 54 1
6 D 348 54 1
28 L 5 364 1
28 D 850 364 1
28 L 5 45 1
28 D 850 45 1
28 L 5 216 1
28 D 850 216 1
28 L 5 397 1
28 D 850 397 1
13 L 1 104 1
13 D 850 104 1
13 L 1 111 1
13 D 850 111 1
22 L 2 299 1
22 D 679 299 1
22 L 2 283 1
22 D 679 283 1
22 L 2 158 1
22 D 679 158 1
14 L 2 221 1
14 D 679 221 1
17 L 6 154 1
17 D 679 154 1
21 L 4 360 1
21 D 77 360 1
21 L 4 297 1
21 D 77 297 1
9 L 7 134 1
9 D 235 134 1
23 L 8 50 1
23 D 481 50 1
23 L 8 26 1
23 D 481 26 1
0 L 8 279 1
0 D 481 279 1
4 L 8 50 1
4 D 871 50 1
4 L 8 278 1
4 D 871 278 1
7 L 0 216 1
7 D 15 216 1
7 L 0 268 1
7 D 15 268 1
7 L 0 21 1
7 D 15 21 1
12 L 9 337 1
12 D 15 337 1
3 L 2 190 1
3 D 15 190 1
25 L 2 149 2
25 D 784 149 2
19 L 0 247 1
19 D 784 247 1
5 L 6 305 1
5 D 784 305 1
16 L 6 399 1
16 D 449 399 1
29 L 5 244 1
29 D 28 244 1
17 L 9 342 1
17 D 533 342 1
17 L 9 58 1
17 D 533 58 1
17 L 9 191 1
17 D 533 191 1
13 L 5 286 1
13 D 533 286 1
2 L 0 278 1
2 D 181 278 1
2 L 0 163 1
2 D 181 163 1
2 L 0 120 1
2 D 181 120 1
8 L 6 399 1
8 D 181 399 1
27 L 0 182 1
27 D 153 182 1
9 L 1 146 1
9 D 181 146 1
12 L 5 184 1
12 D 468 184 1
18 L 1 132 1
18 D 77 132 1
21 L 0 138 1
21 D 1008 138 1
21 L 0 26 1
21 D 1008 26 1
21 L 0 163 1
21 D 1008 163 1
23 L 5 16 1
23 D 1008 16 1
29 L 0 252 1
29 D 368 252 1
29 L 0 34 1
29 D 368 34 1
27 L 0 272 1
27 D 53 272 1
2 L 0 342 1
2 D 4 342 1
2 L 0 26 1
2 D 4 26 1
2 L 0 397 1
2 D 4 397 1
9 L 1 146 1
9 D 4 146 1
10 L 6 63 1
10 D 537 63 1
10 L 6 278 1
10 D 537 278 1
10 L 6 172 1
10 D 537 172 1
10 L 6 241 1
10 D 537 241 1
17 L 0 314 1
17 D 537 314 1
18 L 6 360 1
18 D 402 360 1
3 L 6 335 1
3 D 402 335 1
12 L 6 114 1
12 D 40 114 1
0 L 7 68 1
0 D 743 68 1
0 L 7 359 1
0 D 743 359 1
23 L 4 360 1
23 D 504 360 1
23 L 4 215 1
23 D 504 215 1
23 L 4 45 2
23 D 504 45 2
23 L 4 255 1
23 D 504 255 1
24 L 2 35 1
24 D 1168 35 1
24 L 2 96 1
24 D 1168 96 1
24 L 2 189 1
24 D 1168 189 1
1 L 5 286 1
1 D 1168 286 1
29 L 4 226 1
29 D 504 226 1
4 L 1 171 1
4 D 1019 171 1
4 L 1 149 1
4 D 1019 149 1
17 L 8 161 1
17 D 406 161 1
9 L 6 360 1
9 D 101 360 1
9 L 6 53 1
9 D 101 53 1
9 L 6 216 1
9 D 101 216 1
9 L 6 359 1
9 D 101 359 1
5 L 3 327 1
5 D 504 327 1
11 L 2 63 1
11 D 253 63 1
11 L 2 360 1
11 D 253 360 1
11 L 2 122 1
11 D 253 122 1
22 L 8 161 1
22 D 253 161 1
7 L 7 245 1
7 D 1083 245 1
7 L 7 104 1
7 D 1083 104 1
12 L 3 180 1
12 D 1083 180 1
1 L 4 139 1
1 D 724 139 1
23 L 8 367 1
23 D 724 367 1
21 L 8 312 1
21 D 1130 312 1
25 L 8 67 1
25 D 691 67 1
25 L 8 189 1
25 D 691 189 1
6 L 4 185 1
6 D 691 185 1
13 L 0 133 1
13 D 691 133 1
14 L 4 259 1
14 D 184 259 1
7 L 0 227 1
7 D 366 227 1
18 L 9 50 1
18 D 626 50 1
18 L 9 128 1
18 D 626 128 1
18 L 9 290 1
18 D 626 290 1
18 L 9 397 1
18 D 626 397 1
20 L 2 158 1
20 D 626 158 1
22 L 9 265 1
22 D 1227 265 1
22 L 9 152 1
22 D 1227 152 1
22 L 9 237 1
22 D 1227 237 1
16 L 3 159 1
16 D 448 159 1
16 L 3 94 1
16 D 448 94 1
29 L 1 112 1
29 D 292 112 1
29 L 1 215 1
29 D 292 215 1
19 L 8 15 1
19 D 292 15 1
0 L 2 384 1
0 D 469 384 1
4 L 2 84 1
4 D 21 84 1
4 L 2 199 1
4 D 21 199 1
23 L 2 63 1
23 D 405 63 1
23 L 2 358 1
23 D 405 358 1
23 L 2 189 1
23 D 405 189 1
25 L 8 237 1
25 D 588 237 1
25 L 8 374 1
25 D 588 374 1
6 L 8 161 1
6 D 588 161 1
14 L 3 159 1
14 D 540 159 1
17 L 0 208 1
17 D 540 208 1
17 L 0 371 1
17 D 540 371 1
17 L 0 182 1
17 D 540 182 1
21 L 5 201 1
21 D 540 201 1
7 L 2 2 1
7 D 405 2 1
16 L 4 78 1
16 D 586 78 1
20 L 5 344 1
20 D 443 344 1
24 L 3 121 1
24 D 443 121 1
10 L 3 348 1
10 D 443 348 1
15 L 3 230 1
15 D 96 230 1
15 L 3 159 1
15 D 96 159 1
15 L 3 114 2
15 D 96 114 2
11 L 7 83 1
11 D 948 83 1
14 L 3 245 1
14 D 401 245 1
14 L 3 26 1
14 D 401 26 1
8 L 9 251 1
8 D 401 251 1
8 L 9 314 1
8 D 401 314 1
22 L 8 312 1
22 D 401 312 1
6 L 8 5 1
6 D 713 5 1
25 L 8 114 1
25 D 1241 114 1
25 L 8 125 1
25 D 1241 125 1
17 L 6 335 1
17 D 317 335 1
3 L 1 54 1
3 D 96 54 1
5 L 2 146 1
5 D 96 146 1
23 L 9 128 1
23 D 875 128 1
11 L 3 159 1
11 D 875 159 1
15 L 7 105 1
15 D 875 105 1
7 L 9 300 1
7 D 860 300 1
7 L 9 287 1
7 D 860 287 1
13 L 4 86 1
13 D 860 86 1
4 L 0 168 1
4 D 963 168 1
4 L 0 208 1
4 D 963 208 1
12 L 8 41 1
12 D 963 41 1
28 L 1 348 1
28 D 882 348 1
19 L 1 47 1
19 D 36 47 1
19 L 1 88 1
19 D 36 88 1
19 L 1 375 1
19 D 36 375 1
3 L 6 51 1
3 D 36 51 1
8 L 4 126 1
8 D 1041 126 1
1 L 6 299 1
1 D 339 299 1
1 L 6 50 1
1 D 339 50 1
24 L 4 86 1
24 D 339 86 1
2 L 9 186 1
2 D 339 186 1
27 L 0 296 1
27 D 1089 296 1
27 L 0 290 1
27 D 1089 290 1
16 L 1 198 1
16 D 1089 198 1
21 L 4 226 1
21 D 1089 226 1
17 L 0 62 1
17 D 706 62 1
0 L 8 81 1
0 D 706 81 1
0 L 8 275 1
0 D 706 275 1
22 L 0 278 1
22 D 437 278 1
22 L 0 325 1
22 D 437 325 1
11 L 6 365 1
11 D 437 365 1
18 L 4 185 1
18 D 437 185 1
23 L 6 63 1
23 D 546 63 1
23 L 6 174 1
23 D 546 174 1
14 L 1 35 1
14 D 293 35 1
10 L 0 342 1
10 D 896 342 1
10 L 0 272 1
10 D 896 272 1
2 L 7 108 1
2 D 896 108 1
5 L 8 188 1
5 D 896 188 1
3 L 6 114 1
3 D 692 114 1
3 L 6 330 1
3 D 692 330 1
4 L 9 270 1
4 D 692 270 1
24 L 0 299 1
24 D 1075 299 1
24 L 0 92 1
24 D 1075 92 1
1 L 5 113 1
1 D 1075 113 1
22 L 5 286 1
22 D 1075 286 1
13 L 0 329 1
13 D 1150 329 1
6 L 4 185 1
6 D 659 185 1
6 L 4 378 1
6 D 659 378 1
16 L 0 140 1
16 D 659 140 1
18 L 0 285 1
18 D 1150 285 1
7 L 3 342 1
7 D 207 342 1
7 L 3 293 1
7 D 207 293 1
20 L 1 10 1
20 D 207 10 1
12 L 7 145 1
12 D 168 145 1
23 L 2 158 1
23 D 1041 158 1
23 L 2 201 1
23 D 1041 201 1
1 L 2 229 1
1 D 1041 229 1
4 L 9 123 1
4 D 1061 123 1
4 L 9 129 1
4 D 1061 129 1
10 L 6 299 1
10 D 671 299 1
10 L 6 50 1
10 D 671 50 1
10 L 6 149 1
10 D 671 149 1
10 L 6 218 1
10 D 671 218 1
10 L 6 375 1
10 D 671 375 1
2 L 3 266 1
2 D 671 266 1
16 L 7 68 1
16 D 298 68 1
16 L 7 300 1
16 D 298 300 1
16 L 7 360 1
16 D 298 360 1
16 L 7 8 1
16 D 298 8 1
16 L 7 156 1
16 D 298 156 1
19 L 4 375 1
19 D 298 375 1
8 L 9 47 1
8 D 1079 47 1
8 L 9 203 1
8 D 1079 203 1
8 L 9 265 1
8 D 1079 265 1
18 L 1 262 1
18 D 864 262 1
27 L 1 229 1
27 D 876 229 1
9 L 4 290 1
9 D 307 290 1
9 L 4 139 1
9 D 307 139 1
9 L 4 26 1
9 D 307 26 1
28 L 5 344 1
28 D 583 344 1
28 L 5 371 1
28 D 583 371 1
4 L 1 252 1
4 D 1056 252 1
4 L 1 360 1
4 D 1056 360 1
4 L 1 290 1
4 D 1056 290 1
4 L 1 241 1
4 D 1056 241 1
6 L 3 153 1
6 D 307 153 1
6 L 3 248 1
6 D 307 248 1
8 L 1 54 1
8 D 644 54 1
25 L 3 228 1
25 D 644 228 1
10 L 8 293 1
10 D 807 293 1
10 L 8 367 1
10 D 807 367 1
12 L 0 61 1
12 D 807 61 1
11 L 8 67 1
11 D 1015 67 1
15 L 5 286 1
15 D 1015 286 1
20 L 5 63 1
20 D 763 63 1
20 L 5 230 1
20 D 763 230 1
20 L 5 23 1
20 D 763 23 1
20 L 5 114 1
20 D 763 114 1
26 L 4 227 2
26 D 763 227 2
26 L 4 374 1
26 D 763 374 1
18 L 3 348 1
18 D 763 348 1
2 L 0 88 1
2 D 927 88 1
2 L 0 360 1
2 D 927 360 1
2 L 0 276 2
2 D 927 276 2
23 L 7 392 1
23 D 927 392 1
19 L 2 334 1
19 D 927 334 1
4 L 0 88 1
4 D 655 88 1
4 L 0 182 1
4 D 655 182 1
6 L 1 268 1
6 D 259 268 1
14 L 8 257 1
14 D 208 257 1
9 L 5 360 1
9 D 785 360 1
21 L 9 300 1
21 D 803 300 1
24 L 2 7 1
24 D 803 7 1
15 L 5 183 1
15 D 428 183 1
15 L 5 26 1
15 D 428 26 1
26 L 5 184 1
26 D 544 184 1
26 L 5 360 1
26 D 544 360 1
26 L 5 375 1
26 D 544 375 1
26 L 5 201 1
26 D 544 201 1
0 L 1 218 1
0 D 340 218 1
0 L 1 287 1
0 D 340 287 1
3 L 9 116 1
3 D 544 116 1
19 L 3 186 1
19 D 544 186 1
12 L 2 309 1
12 D 1227 309 1
20 L 1 261 1
20 D 1069 261 1
1 L 3 159 1
1 D 792 159 1
1 L 3 114 1
1 D 792 114 1
22 L 3 159 1
22 D 1038 159 1
22 L 3 281 1
22 D 1038 281 1
24 L 3 299 1
24 D 1158 299 1
24 L 3 328 1
24 D 1158 328 1
24 L 3 341 1
24 D 1158 341 1
11 L 3 259 1
11 D 522 259 1
11 L 3 233 1
11 D 522 233 1
11 L 3 219 1
11 D 522 219 1
21 L 3 63 1
21 D 148 63 1
21 L 3 6 1
21 D 148 6 1
4 L 1 54 1
4 D 148 54 1
2 L 3 228 1
2 D 148 228 1
23 L 8 115 1
23 D 42 115 1
23 L 8 268 1
23 D 42 268 1
23 L 8 210 1
23 D 42 210 1
29 L 8 257 1
29 D 42 257 1
7 L 3 60 1
7 D 1061 60 1
28 L 0 299 1
28 D 288 299 1
28 L 0 360 1
28 D 288 360 1
28 L 0 296 1
28 D 288 296 1
26 L 3 153 1
26 D 288 153 1
18 L 7 220 1
18 D 288 220 1
22 L 3 197 1
22 D 440 197 1
8 L 3 60 1
8 D 440 60 1
5 L 9 386 1
5 D 435 386 1
5 L 9 122 1
5 D 435 122 1
5 L 9 163 1
5 D 435 163 1
24 L 3 300 1
24 D 22 300 1
24 L 3 159 1
24 D 22 159 1
24 L 3 153 1
24 D 22 153 1
16 L 0 373 1
16 D 22 373 1
21 L 0 237 1
21 D 291 237 1
13 L 9 386 1
13 D 687 386 1
13 L 9 235 1
13 D 687 235 1
15 L 2 164 1
15 D 687 164 1
29 L 9 360 1
29 D 423 360 1
0 L 3 192 1
0 D 793 192 1
26 L 6 90 1
26 D 793 90 1
20 L 1 50 2
20 D 45 50 2
20 L 1 360 1
20 D 45 360 1
20 L 1 382 1
20 D 45 382 1
8 L 9 60 1
8 D 45 60 1
22 L 1 299 1
22 D 1137 299 1
22 L 1 138 1
22 D 1137 138 1
22 L 1 278 1
22 D 1137 278 1
18 L 8 41 1
18 D 1137 41 1
9 L 4 63 1
9 D 631 63 1
9 L 4 300 1
9 D 631 300 1
9 L 4 304 1
9 D 631 304 1
24 L 9 58 1
24 D 1174 58 1
5 L 1 54 1
5 D 1174 54 1
21 L 0 73 1
21 D 682 73 1
6 L 8 125 1
6 D 1209 125 1
12 L 7 289 1
12 D 1209 289 1
12 L 7 70 1
12 D 1209 70 1
7 L 0 114 1
7 D 914 114 1
19 L 8 355 1
19 D 914 355 1
15 L 8 165 1
15 D 546 165 1
16 L 3 203 1
16 D 928 203 1
26 L 9 251 1
26 D 928 251 1
26 L 9 288 1
26 D 928 288 1
8 L 5 364 1
8 D 886 364 1
8 L 5 360 1
8 D 886 360 1
8 L 5 45 1
8 D 886 45 1
8 L 5 218 1
8 D 886 218 1
8 L 5 71 1
8 D 886 71 1
27 L 6 142 1
27 D 620 142 1
3 L 0 230 1
3 D 673 230 1
18 L 2 384 1
18 D 76 384 1
18 L 2 137 1
18 D 76 137 1
5 L 0 73 1
5 D 76 73 1
21 L 8 367 1
21 D 76 367 1
22 L 2 83 1
22 D 1095 83 1
17 L 2 146 1
17 D 673 146 1
10 L 0 186 1
10 D 673 186 1
19 L 9 191 1
19 D 943 191 1
19 L 9 303 1
19 D 943 303 1
7 L 9 283 1
7 D 258 283 1
13 L 1 28 1
13 D 258 28 1
13 L 1 211 1
13 D 258 211 1
8 L 1 147 1
8 D 380 147 1
16 L 0 168 1
16 D 539 168 1
12 L 1 266 1
12 D 539 266 1
9 L 0 272 1
9 D 234 272 1
9 L 0 293 1
9 D 234 293 1
24 L 9 379 1
24 D 600 379 1
18 L 8 5 1
18 D 600 5 1
18 L 8 312 1
18 D 600 312 1
3 L 8 214 1
3 D 600 214 1
28 L 1 63 1
28 D 407 63 1
28 L 1 283 1
28 D 407 283 1
28 L 1 39 1
28 D 407 39 1
2 L 4 78 1
2 D 407 78 1
2 L 4 382 1
2 D 407 382 1
23 L 3 346 1
23 D 307 346 1
20 L 1 26 1
20 D 1036 26 1
20 L 1 375 1
20 D 1036 375 1
13 L 2 7 1
13 D 1036 7 1
8 L 1 211 1
8 D 528 211 1
8 L 1 26 1
8 D 528 26 1
12 L 5 244 1
12 D 528 244 1
6 L 1 126 1
6 D 393 126 1
16 L 0 296 1
16 D 393 296 1
16 L 0 210 1
16 D 393 210 1
3 L 0 111 1
3 D 393 111 1
9 L 8 253 1
9 D 280 253 1
10 L 3 141 1
10 D 280 141 1
27 L 7 52 1
27 D 827 52 1
27 L 7 189 1
27 D 827 189 1
27 L 7 163 1
27 D 827 163 1
21 L 6 238 1
21 D 827 238 1
23 L 4 259 1
23 D 863 259 1
2 L 3 203 1
2 D 810 203 1
2 L 3 117 1
2 D 810 117 1
2 L 3 397 1
2 D 810 397 1
18 L 0 368 1
18 D 810 368 1
29 L 2 284 1
29 D 810 284 1
0 L 1 214 1
0 D 810 214 1
4 L 4 243 1
4 D 71 243 1
13 L 3 252 1
13 D 1126 252 1
13 L 3 216 1
13 D 1126 216 1
13 L 3 218 2
13 D 1126 218 2
14 L 2 7 1
14 D 71 7 1
24 L 9 69 1
24 D 71 69 1
6 L 7 62 1
6 D 851 62 1
6 L 7 203 1
6 D 851 203 1
3 L 2 283 1
3 D 821 283 1
16 L 9 386 1
16 D 821 386 1
5 L 1 126 1
5 D 1181 126 1
27 L 6 399 1
27 D 1181 399 1
13 L 5 137 1
13 D 55 137 1
13 L 5 208 1
13 D 55 208 1
13 L 5 70 1
13 D 55 70 1
14 L 1 262 1
14 D 55 262 1
0 L 2 87 1
0 D 55 87 1
22 L 7 109 1
22 D 946 109 1
22 L 7 289 1
22 D 946 289 1
29 L 9 204 1
29 D 946 204 1
12 L 5 344 1
12 D 184 344 1
12 L 5 237 1
12 D 184 237 1
6 L 4 306 1
6 D 184 306 1
11 L 3 372 1
11 D 1065 372 1
26 L 1 2 1
26 D 550 2 1
10 L 7 97 1
10 D 137 97 1
16 L 1 216 1
16 D 451 216 1
16 L 1 28 1
16 D 451 28 1
16 L 1 123 1
16 D 451 123 1
25 L 8 76 1
25 D 451 76 1
25 L 8 374 1
25 D 451 374 1
4 L 5 119 1
4 D 451 119 1
5 L 8 67 1
5 D 65 67 1
6 L 4 78 1
6 D 65 78 1
29 L 1 74 1
29 D 343 74 1
29 L 1 54 1
29 D 343 54 1
0 L 7 220 1
0 D 343 220 1
20 L 3 6 1
20 D 457 6 1
20 L 3 216 1
20 D 457 216 1
24 L 1 211 1
24 D 457 211 1
8 L 3 191 1
8 D 457 191 1
9 L 9 251 1
9 D 457 251 1
17 L 8 367 1
17 D 457 367 1
19 L 0 299 1
19 D 1048 299 1
13 L 2 52 1
13 D 1048 52 1
12 L 6 321 1
12 D 1048 321 1
23 L 2 227 1
23 D 685 227 1
10 L 3 350 1
10 D 685 350 1
16 L 0 72 1
16 D 213 72 1
3 L 7 8 1
3 D 1032 8 1
3 L 7 129 1
3 D 1032 129 1
3 L 7 392 1
3 D 1032 392 1
4 L 1 398 1
4 D 1032 398 1
4 L 1 54 1
4 D 1032 54 1
15 L 0 378 1
15 D 1032 378 1
14 L 8 245 1
14 D 772 245 1
14 L 8 219 1
14 D 772 219 1
29 L 8 267 1
29 D 772 267 1
22 L 1 338 1
22 D 886 338 1
17 L 0 373 1
17 D 1170 373 1
19 L 5 278 1
19 D 1109 278 1
19 L 5 268 1
19 D 1109 268 1
19 L 5 83 1
19 D 1109 83 1
6 L 3 372 1
6 D 1109 372 1
6 L 3 153 1
6 D 1109 153 1
12 L 1 262 1
12 D 1109 262 1
20 L 3 346 1
20 D 1109 346 1
9 L 2 193 1
9 D 602 193 1
7 L 1 360 1
7 D 173 360 1
7 L 1 216 1
7 D 173 216 1
25 L 0 296 1
25 D 173 296 1
0 L 8 95 1
0 D 173 95 1
4 L 4 50 1
4 D 412 50 1
4 L 4 216 1
4 D 412 216 1
4 L 4 26 1
4 D 412 26 1
29 L 3 197 1
29 D 934 197 1
14 L 3 299 1
14 D 0 299 1
8 L 4 42 1
8 D 0 42 1
8 L 4 280 1
8 D 0 280 1
11 L 1 45 1
11 D 128 45 1
11 L 1 211 1
11 D 128 211 1
10 L 2 398 1
10 D 128 398 1
3 L 5 344 1
3 D 734 344 1
3 L 5 163 1
3 D 734 163 1
3 L 5 314 1
3 D 734 314 1
6 L 8 40 1
6 D 734 40 1
20 L 7 348 1
20 D 734 348 1
17 L 1 189 1
17 D 877 189 1
7 L 9 116 1
7 D 877 116 1
28 L 1 342 1
28 D 488 342 1
28 L 1 171 1
28 D 488 171 1
4 L 5 196 1
4 D 488 196 1
29 L 1 370 1
29 D 488 370 1
2 L 8 41 1
2 D 589 41 1
12 L 4 197 1
12 D 656 197 1
12 L 4 63 1
12 D 656 63 1
12 L 4 300 1
12 D 656 300 1
15 L 8 371 1
15 D 1192 371 1
15 L 8 293 1
15 D 1192 293 1
20 L 0 16 1
20 D 1192 16 1
27 L 9 268 1
27 D 1025 268 1
27 L 9 21 1
27 D 1025 21 1
3 L 4 342 1
3 D 139 342 1
3 L 4 149 1
3 D 139 149 1
5 L 8 279 1
5 D 1038 279 1
17 L 9 197 1
17 D 651 197 1
17 L 9 237 1
17 D 651 237 1
17 L 9 301 1
17 D 651 301 1
19 L 9 126 1
19 D 1014 126 1
19 L 9 128 1
19 D 1014 128 1
19 L 9 208 1
19 D 1014 208 1
19 L 9 375 1
19 D 1014 375 1
22 L 6 144 1
22 D 1014 144 1
25 L 2 259 1
25 D 966 259 1
25 L 2 44 1
25 D 966 44 1
25 L 2 138 1
25 D 966 138 1
16 L 9 354 1
16 D 417 354 1
7 L 3 159 1
7 D 224 159 1
7 L 3 281 1
7 D 224 281 1
1 L 9 230 2
1 D 399 230 2
21 L 5 183 1
21 D 399 183 1
24 L 1 198 1
24 D 399 198 1
29 L 3 27 1
29 D 399 27 1
0 L 6 51 1
0 D 651 51 1
23 L 8 41 1
23 D 966 41 1
20 L 9 256 1
20 D 966 256 1
26 L 1 270 1
26 D 651 270 1
15 L 7 289 1
15 D 412 289 1
15 L 7 288 1
15 D 412 288 1
8 L 2 56 1
8 D 417 56 1
24 L 3 229 1
24 D 417 229 1
28 L 7 220 1
28 D 545 220 1
16 L 0 247 1
16 D 1079 247 1
16 L 0 383 1
16 D 1079 383 1
29 L 3 380 1
29 D 1079 380 1
1 L 8 41 1
1 D 523 41 1
12 L 4 112 1
12 D 151 112 1
12 L 4 47 1
12 D 151 47 1
12 L 4 352 1
12 D 151 352 1
12 L 4 287 1
12 D 151 287 1
12 L 4 290 1
12 D 151 290 1
15 L 1 147 1
15 D 430 147 1
5 L 3 159 1
5 D 646 159 1
5 L 3 301 1
5 D 646 301 1
14 L 2 138 1
14 D 499 138 1
14 L 2 215 1
14 D 499 215 1
14 L 2 218 1
14 D 499 218 1
14 L 2 189 1
14 D 499 189 1
8 L 3 259 1
8 D 360 259 1
8 L 3 63 1
8 D 360 63 1
20 L 1 119 1
20 D 499 119 1
27 L 6 204 1
27 D 499 204 1
7 L 6 365 1
7 D 1025 365 1
0 L 4 348 1
0 D 1025 348 1
19 L 8 131 1
19 D 435 131 1
11 L 6 335 1
11 D 435 335 1
18 L 0 73 1
18 D 435 73 1
1 L 2 284 1
1 D 435 284 1
15 L 7 145 1
15 D 1108 145 1
15 L 7 149 1
15 D 1108 149 1
15 L 7 283 1
15 D 1108 283 1
9 L 2 250 1
9 D 1108 250 1
13 L 6 142 1
13 D 1042 142 1
20 L 7 68 1
20 D 824 68 1
20 L 7 126 1
20 D 824 126 1
3 L 0 74 1
3 D 824 74 1
3 L 0 359 1
3 D 824 359 1
6 L 1 261 1
6 D 824 261 1
27 L 4 81 1
27 D 863 81 1
27 L 4 375 1
27 D 863 375 1
27 L 4 11 1
27 D 863 11 1
12 L 4 226 1
12 D 863 226 1
15 L 3 188 1
15 D 863 188 1
23 L 8 367 1
23 D 1144 367 1
28 L 6 300 1
28 D 998 300 1
28 L 6 245 1
28 D 998 245 1
28 L 6 365 1
28 D 998 365 1
9 L 3 159 1
9 D 712 159 1
4 L 1 262 1
4 D 998 262 1
14 L 9 256 1
14 D 998 256 1
0 L 1 149 1
0 D 658 149 1
0 L 1 81 1
0 D 658 81 1
0 L 1 208 1
0 D 658 208 1
0 L 1 83 1
0 D 658 83 1
11 L 1 199 1
11 D 658 199 1
17 L 8 223 1
17 D 658 223 1
18 L 9 154 1
18 D 658 154 1
3 L 5 184 1
3 D 467 184 1
3 L 5 376 1
3 D 467 376 1
3 L 5 314 1
3 D 467 314 1
6 L 0 216 1
6 D 1173 216 1
6 L 0 296 1
6 D 1173 296 1
26 L 8 125 1
26 D 1173 125 1
5 L 5 232 1
5 D 1173 232 1
24 L 2 284 1
24 D 1173 284 1
10 L 1 252 1
10 D 1099 252 1
13 L 8 307 1
13 D 1099 307 1
2 L 8 355 1
2 D 1099 355 1
19 L 4 299 1
19 D 720 299 1
19 L 4 138 1
19 D 720 138 1
22 L 3 159 1
22 D 720 159 1
27 L 7 145 1
27 D 415 145 1
20 L 7 392 1
20 D 415 392 1
20 L 7 241 1
20 D 415 241 1
20 L 7 280 1
20 D 415 280 1
25 L 3 301 1
25 D 415 301 1
1 L 6 115 1
1 D 735 115 1
11 L 3 153 1
11 D 735 153 1
11 L 3 42 1
11 D 735 42 1
9 L 4 306 1
9 D 631 306 1
28 L 8 22 1
28 D 164 22 1
17 L 5 344 1
17 D 164 344 1
3 L 1 136 1
3 D 164 136 1
0 L 6 142 1
0 D 88 142 1
15 L 1 204 1
15 D 88 204 1
10 L 8 347 1
10 D 88 347 1
13 L 9 201 1
13 D 151 201 1
27 L 7 220 1
27 D 151 220 1
5 L 9 60 1
5 D 151 60 1
2 L 9 379 1
2 D 102 379 1
2 L 9 26 1
2 D 102 26 1
2 L 9 65 1
2 D 102 65 1
22 L 1 283 1
22 D 1210 283 1
22 L 1 28 1
22 D 1210 28 1
22 L 1 26 1
22 D 1210 26 1
29 L 3 133 1
29 D 1210 133 1
4 L 8 350 1
4 D 522 350 1
18 L 1 28 1
18 D 1040 28 1
18 L 1 375 1
18 D 1040 375 1
7 L 8 312 1
7 D 1040 312 1
15 L 5 77 1
15 D 643 77 1
15 L 5 278 1
15 D 643 278 1
15 L 5 21 1
15 D 643 21 1
15 L 5 297 1
15 D 643 297 1
3 L 3 135 1
3 D 522 135 1
0 L 5 244 1
0 D 720 244 1
10 L 5 96 1
10 D 809 96 1
13 L 5 344 1
13 D 14 344 1
13 L 5 287 1
13 D 14 287 1
13 L 5 189 1
13 D 14 189 1
24 L 5 364 1
24 D 901 364 1
19 L 5 184 1
19 D 183 184 1
19 L 5 35 1
19 D 183 35 1
19 L 5 375 1
19 D 183 375 1
20 L 1 54 1
20 D 183 54 1
20 L 1 16 1
20 D 183 16 1
4 L 4 394 1
4 D 809 394 1
26 L 1 348 1
26 D 809 348 1
23 L 4 342 1
23 D 762 342 1
23 L 4 114 2
23 D 762 114 2
11 L 8 267 1
11 D 139 267 1
16 L 1 154 1
16 D 139 154 1
27 L 7 108 1
27 D 792 108 1
5 L 2 87 1
5 D 792 87 1
10 L 4 162 1
10 D 902 162 1
24 L 5 196 1
24 D 902 196 1
28 L 7 289 1
28 D 902 289 1
2 L 8 355 1
2 D 902 355 1
7 L 4 126 1
7 D 549 126 1
22 L 6 124 1
22 D 643 124 1
1 L 8 257 1
1 D 316 257 1
11 L 2 193 1
11 D 566 193 1
11 L 2 114 1
11 D 566 114 1
25 L 3 80 1
25 D 1221 80 1
5 L 8 312 1
5 D 566 312 1
10 L 8 279 1
10 D 566 279 1
0 L 9 116 1
0 D 1221 116 1
2 L 7 359 1
2 D 1179 359 1
12 L 0 111 1
12 D 14 111 1
20 L 3 214 1
20 D 14 214 1
15 L 3 311 1
15 D 66 311 1
15 L 3 293 1
15 D 66 293 1
4 L 3 80 1
4 D 832 80 1
4 L 3 81 1
4 D 832 81 1
25 L 7 96 1
25 D 759 96 1
25 L 7 237 1
25 D 759 237 1
29 L 9 303 1
29 D 832 303 1
13 L 1 360 1
13 D 917 360 1
11 L 7 392 1
11 D 917 392 1
7 L 7 220 1
7 D 917 220 1
8 L 4 86 1
8 D 396 86 1
3 L 5 40 1
3 D 467 40 1
23 L 8 299 1
23 D 725 299 1
23 L 8 371 1
23 D 725 371 1
23 L 8 131 1
23 D 725 131 1
26 L 8 96 1
26 D 723 96 1
26 L 8 397 1
26 D 723 397 1
4 L 7 97 1
4 D 723 97 1
24 L 1 15 1
24 D 723 15 1
15 L 4 59 1
15 D 759 59 1
16 L 1 136 1
16 D 759 136 1
13 L 2 166 1
13 D 759 166 1
6 L 3 81 1
6 D 693 81 1
5 L 3 126 1
5 D 642 126 1
5 L 3 253 1
5 D 642 253 1
10 L 3 94 1
10 D 773 94 1
1 L 8 125 1
1 D 773 125 1
24 L 2 8 1
24 D 642 8 1
28 L 0 31 1
28 D 693 31 1
8 L 3 205 1
8 D 642 205 1
9 L 3 360 1
9 D 271 360 1
9 L 3 94 1
9 D 271 94 1
9 L 3 122 1
9 D 271 122 1
23 L 7 97 1
23 D 365 97 1
16 L 7 68 1
16 D 416 68 1
16 L 7 216 1
16 D 416 216 1
6 L 1 348 1
6 D 416 348 1
10 L 3 361 1
10 D 416 361 1
15 L 3 6 1
15 D 909 6 1
21 L 0 272 1
21 D 909 272 1
21 L 0 371 1
21 D 909 371 1
13 L 1 229 1
13 D 909 229 1
24 L 2 384 1
24 D 628 384 1
22 L 4 86 1
22 D 628 86 1
7 L 2 24 1
7 D 285 24 1
3 L 5 252 1
3 D 905 252 1
12 L 2 284 1
12 D 905 284 1
20 L 0 275 1
20 D 905 275 1
29 L 3 299 1
29 D 454 299 1
29 L 3 80 1
29 D 454 80 1
21 L 6 79 1
21 D 722 79 1
21 L 6 398 1
21 D 722 398 1
26 L 6 335 1
26 D 271 335 1
18 L 1 325 1
18 D 1231 325 1
18 L 1 287 1
18 D 1231 287 1
2 L 7 108 1
2 D 1231 108 1
1 L 4 227 1
1 D 740 227 1
1 L 4 96 1
1 D 740 96 1
25 L 8 125 1
25 D 740 125 1
25 L 8 163 1
25 D 740 163 1
25 L 8 280 1
25 D 740 280 1
4 L 1 382 1
4 D 740 382 1
17 L 1 347 1
17 D 740 347 1
9 L 8 67 1
9 D 833 67 1
8 L 3 264 1
8 D 205 264 1
8 L 3 189 1
8 D 205 189 1
20 L 1 211 1
20 D 656 211 1
21 L 0 96 1
21 D 656 96 1
13 L 6 335 1
13 D 656 335 1
6 L 7 108 1
6 D 656 108 1
0 L 8 360 1
0 D 774 360 1
10 L 7 332 1
10 D 774 332 1
18 L 7 145 1
18 D 174 145 1
2 L 2 45 1
2 D 174 45 1
2 L 2 313 1
2 D 174 313 1
2 L 2 34 1
2 D 174 34 1
4 L 6 70 1
4 D 174 70 1
19 L 5 197 1
19 D 1212 197 1
17 L 4 139 1
17 D 1212 139 1
29 L 6 335 1
29 D 1212 335 1
29 L 6 133 1
29 D 1212 133 1
3 L 7 112 1
3 D 613 112 1
3 L 7 218 1
3 D 613 218 1
3 L 7 290 1
3 D 613 290 1
9 L 4 383 1
9 D 613 383 1
9 L 4 185 1
9 D 613 185 1
15 L 3 63 1
15 D 1052 63 1
15 L 3 138 1
15 D 1052 138 1
15 L 3 81 1
15 D 1052 81 1
24 L 8 61 1
24 D 613 61 1
22 L 3 205 1
22 D 613 205 1
5 L 3 138 1
5 D 105 138 1
5 L 3 45 1
5 D 105 45 1
6 L 1 316 1
6 D 1196 316 1
20 L 7 340 1
20 D 1196 340 1
11 L 0 96 1
11 D 3 96 1
11 L 0 290 1
11 D 3 290 1
23 L 5 113 1
23 D 3 113 1
14 L 6 37 1
14 D 3 37 1
17 L 7 62 1
17 D 97 62 1
17 L 7 145 1
17 D 97 145 1
18 L 0 272 1
18 D 97 272 1
24 L 1 241 1
24 D 97 241 1
24 L 1 133 1
24 D 97 133 1
25 L 1 124 1
25 D 97 124 1
26 L 9 116 1
26 D 1118 116 1
16 L 8 367 1
16 D 454 367 1
2 L 1 349 1
2 D 105 349 1
2 L 1 383 1
2 D 105 383 1
21 L 4 394 1
21 D 105 394 1
6 L 3 372 1
6 D 661 372 1
20 L 5 113 1
20 D 661 113 1
5 L 5 71 1
5 D 438 71 1
5 L 5 52 1
5 D 438 52 1
19 L 9 116 1
19 D 438 116 1
23 L 1 345 1
23 D 438 345 1
14 L 2 112 1
14 D 848 112 1
14 L 2 104 1
14 D 848 104 1
25 L 5 184 1
25 D 230 184 1
25 L 5 215 1
25 D 230 215 1
25 L 5 35 1
25 D 230 35 1
25 L 5 169 1
25 D 230 169 1
29 L 7 119 1
29 D 230 119 1
24 L 1 275 1
24 D 230 275 1
26 L 8 257 1
26 D 230 257 1
10 L 7 299 1
10 D 1023 299 1
10 L 7 68 1
10 D 1023 68 1
10 L 7 45 1
10 D 1023 45 1
10 L 7 114 2
10 D 1023 114 2
10 L 7 216 1
10 D 1023 216 1
16 L 7 8 1
16 D 1023 8 1
16 L 7 81 1
16 D 1023 81 1
16 L 7 97 1
16 D 1023 97 1
4 L 3 214 1
4 D 1023 214 1
8 L 1 81 1
8 D 542 81 1
8 L 1 349 1
8 D 542 349 1
7 L 7 145 1
7 D 1224 145 1
23 L 7 392 1
23 D 1224 392 1
1 L 2 334 1
1 D 1224 334 1
22 L 2 63 1
22 D 188 63 1
12 L 9 353 1
12 D 188 353 1
3 L 1 215 1
3 D 567 215 1
5 L 7 392 1
5 D 567 392 1
5 L 7 371 1
5 D 567 371 1
4 L 0 114 1
4 D 983 114 1
4 L 0 297 1
4 D 983 297 1
14 L 8 355 1
14 D 983 355 1
8 L 9 337 1
8 D 102 337 1
27 L 5 23 1
27 D 565 23 1
25 L 1 398 1
25 D 565 398 1
25 L 1 237 1
25 D 565 237 1
1 L 6 90 1
1 D 565 90 1
6 L 7 68 1
6 D 614 68 1
6 L 7 360 1
6 D 614 360 1
6 L 7 208 1
6 D 614 208 1
6 L 7 243 1
6 D 614 243 1
7 L 6 259 1
7 D 535 259 1
7 L 6 278 1
7 D 535 278 1
7 L 6 174 1
7 D 535 174 1
20 L 5 216 1
20 D 758 216 1
9 L 9 58 1
9 D 758 58 1
22 L 1 181 1
22 D 758 181 1
29 L 3 241 1
29 D 641 241 1
29 L 3 76 1
29 D 641 76 1
17 L 9 69 1
17 D 641 69 1
14 L 5 184 1
14 D 450 184 1
14 L 5 63 1
14 D 450 63 1
14 L 5 149 1
14 D 450 149 1
24 L 5 252 1
24 D 427 252 1
8 L 9 386 1
8 D 427 386 1
8 L 9 218 1
8 D 427 218 1
8 L 9 26 1
8 D 427 26 1
0 L 9 337 1
0 D 427 337 1
12 L 1 46 1
12 D 160 46 1
25 L 6 51 1
25 D 614 51 1
5 L 2 186 1
5 D 614 186 1
21 L 8 41 1
21 D 433 41 1
19 L 7 112 1
19 D 295 112 1
19 L 7 68 1
19 D 295 68 1
19 L 7 152 1
19 D 295 152 1
9 L 5 1 1
9 D 295 1 1
9 L 5 301 1
9 D 295 301 1
22 L 2 132 1
22 D 295 132 1
23 L 1 208 1
23 D 578 208 1
26 L 3 372 1
26 D 578 372 1
7 L 0 31 1
7 D 578 31 1
10 L 1 391 1
10 D 578 391 1
24 L 2 300 1
24 D 941 300 1
24 L 2 384 1
24 D 941 384 1
24 L 2 114 1
24 D 941 114 1
0 L 2 384 2
0 D 831 384 2
0 L 2 114 1
0 D 831 114 1
2 L 3 372 1
2 D 831 372 1
2 L 3 70 1
2 D 831 70 1
13 L 3 2 1
13 D 831 2 1
12 L 2 88 1
12 D 915 88 1
28 L 1 39 1
28 D 915 39 1
28 L 1 129 1
28 D 915 129 1
28 L 1 297 1
28 D 915 297 1
3 L 3 348 1
3 D 915 348 1
5 L 5 286 1
5 D 535 286 1
14 L 3 18 1
14 D 535 18 1
29 L 4 283 1
29 D 304 283 1
29 L 4 280 1
29 D 304 280 1
18 L 1 243 1
18 D 232 243 1
11 L 8 267 1
11 D 232 267 1
22 L 2 203 1
22 D 702 203 1
22 L 2 114 1
22 D 702 114 1
19 L 2 154 1
19 D 702 154 1
24 L 2 164 1
24 D 702 164 1
21 L 1 63 1
21 D 612 63 1
8 L 2 334 1
8 D 612 334 1
15 L 0 92 1
15 D 1158 92 1
15 L 0 120 1
15 D 1158 120 1
12 L 1 370 1
12 D 1158 370 1
7 L 9 52 1
7 D 991 52 1
7 L 9 397 1
7 D 991 397 1
28 L 7 97 1
28 D 1035 97 1
27 L 5 183 1
27 D 197 183 1
27 L 5 383 1
27 D 197 383 1
5 L 2 283 1
5 D 1135 283 1
5 L 2 384 1
5 D 1135 384 1
2 L 2 158 1
2 D 1135 158 1
20 L 3 228 1
20 D 1135 228 1
6 L 4 123 1
6 D 1080 123 1
6 L 4 218 1
6 D 1080 218 1
6 L 4 397 1
6 D 1080 397 1
9 L 1 348 1
9 D 1080 348 1
19 L 1 262 1
19 D 304 262 1
21 L 8 257 1
21 D 304 257 1
8 L 2 15 1
8 D 304 15 1
23 L 7 97 1
23 D 502 97 1
26 L 9 256 1
26 D 502 256 1
25 L 3 26 1
25 D 13 26 1
25 L 3 375 1
25 D 13 375 1
25 L 3 398 1
25 D 13 398 1
5 L 8 355 1
5 D 13 355 1
3 L 8 125 1
3 D 398 125 1
15 L 4 306 1
15 D 398 306 1
17 L 8 41 1
17 D 762 41 1
1 L 1 74 1
1 D 607 74 1
21 L 9 235 1
21 D 607 235 1
21 L 9 201 1
21 D 607 201 1
11 L 2 45 1
11 D 674 45 1
16 L 6 343 1
16 D 341 343 1
15 L 5 364 1
15 D 695 364 1
10 L 6 252 2
10 D 1086 252 2
10 L 6 215 1
10 D 1086 215 1
10 L 6 138 1
10 D 1086 138 1
10 L 6 278 1
10 D 1086 278 1
13 L 3 159 1
13 D 590 159 1
23 L 0 247 1
23 D 590 247 1
26 L 5 286 1
26 D 590 286 1
29 L 2 50 1
29 D 247 50 1
3 L 0 182 1
3 D 247 182 1
3 L 0 16 1
3 D 247 16 1
17 L 1 262 1
17 D 247 262 1
0 L 0 168 1
0 D 63 168 1
0 L 0 243 1
0 D 63 243 1
7 L 8 367 1
7 D 63 367 1
15 L 3 275 1
15 D 63 275 1
26 L 4 63 1
26 D 986 63 1
26 L 4 74 1
26 D 986 74 1
26 L 4 35 1
26 D 986 35 1
13 L 5 183 1
13 D 986 183 1
4 L 2 7 1
4 D 986 7 1
28 L 3 121 1
28 D 991 121 1
8 L 6 399 1
8 D 444 399 1
18 L 8 96 1
18 D 335 96 1
18 L 8 125 1
18 D 335 125 1
16 L 1 54 1
16 D 335 54 1
20 L 2 343 1
20 D 335 343 1
7 L 1 28 1
7 D 244 28 1
15 L 1 283 1
15 D 940 283 1
6 L 1 349 1
6 D 940 349 1
9 L 3 199 1
9 D 940 199 1
25 L 6 335 1
25 D 111 335 1
25 L 6 169 1
25 D 111 169 1
17 L 7 96 1
17 D 429 96 1
28 L 7 138 1
28 D 214 138 1
28 L 7 26 1
28 D 214 26 1
24 L 3 372 1
24 D 214 372 1
24 L 3 163 1
24 D 214 163 1
12 L 5 113 1
12 D 214 113 1
19 L 3 46 1
19 D 214 46 1
8 L 5 301 1
8 D 1126 301 1
8 L 5 113 1
8 D 1126 113 1
1 L 9 353 1
1 D 1126 353 1
26 L 2 357 1
26 D 429 357 1
26 L 2 16 1
26 D 429 16 1
5 L 2 284 1
5 D 429 284 1
9 L 1 333 1
9 D 429 333 1
29 L 1 119 1
29 D 196 119 1
16 L 0 168 1
16 D 697 168 1
22 L 2 63 1
22 D 592 63 1
22 L 2 300 1
22 D 592 300 1
22 L 2 278 1
22 D 592 278 1
22 L 2 84 1
22 D 592 84 1
28 L 2 317 1
28 D 1078 317 1
28 L 2 35 1
28 D 1078 35 1
3 L 4 317 1
3 D 27 317 1
3 L 4 8 1
3 D 27 8 1
3 L 4 375 1
3 D 27 375 1
17 L 7 108 1
17 D 27 108 1
0 L 3 190 1
0 D 27 190 1
13 L 7 68 1
13 D 1239 68 1
13 L 7 278 1
13 D 1239 278 1
13 L 7 290 1
13 D 1239 290 1
13 L 7 398 1
13 D 1239 398 1
14 L 4 226 1
14 D 1239 226 1
6 L 3 149 1
6 D 252 149 1
6 L 3 96 1
6 D 252 96 1
10 L 1 398 1
10 D 252 398 1
19 L 3 301 1
19 D 252 301 1
1 L 3 282 1
1 D 252 282 1
4 L 3 346 1
4 D 1078 346 1
29 L 7 259 1
29 D 1188 259 1
29 L 7 97 1
29 D 1188 97 1
28 L 0 216 1
28 D 397 216 1
28 L 0 168 1
28 D 397 168 1
28 L 0 290 1
28 D 397 290 1
18 L 8 148 1
18 D 397 148 1
18 L 8 219 1
18 D 397 219 1
20 L 3 190 1
20 D 397 190 1
26 L 0 300 1
26 D 967 300 1
0 L 5 71 1
0 D 967 71 1
0 L 5 314 1
0 D 967 314 1
4 L 4 288 1
4 D 967 288 1
2 L 7 332 1
2 D 1239 332 1
12 L 1 46 1
12 D 1188 46 1
25 L 3 283 1
25 D 828 283 1
25 L 3 311 1
25 D 828 311 1
1 L 6 335 1
1 D 828 335 1
18 L 4 297 1
18 D 1141 297 1
8 L 0 72 1
8 D 1141 72 1
27 L 8 350 1
27 D 1141 350 1
7 L 4 162 1
7 D 1016 162 1
7 L 4 328 1
7 D 1016 328 1
12 L 9 58 1
12 D 1016 58 1
22 L 3 17 1
22 D 1016 17 1
13 L 3 380 1
13 D 1016 380 1
4 L 8 114 1
4 D 1172 114 1
4 L 8 5 1
4 D 1172 5 1
25 L 9 251 1
25 D 1172 251 1
25 L 9 133 1
25 D 1172 133 1
11 L 6 399 1
11 D 592 399 1
6 L 4 180 1
6 D 592 180 1
19 L 6 231 1
19 D 695 231 1
19 L 6 129 1
19 D 695 129 1
19 L 6 398 1
19 D 695 398 1
4 L 3 80 1
4 D 20 80 1
4 L 3 21 1
4 D 20 21 1
13 L 9 50 1
13 D 988 50 1
13 L 9 203 1
13 D 988 203 1
13 L 9 122 1
13 D 988 122 1
25 L 4 394 1
25 D 20 394 1
27 L 2 124 1
27 D 20 124 1
9 L 3 88 1
9 D 119 88 1
9 L 3 159 1
9 D 119 159 1
9 L 3 241 1
9 D 119 241 1
11 L 9 301 1
11 D 119 301 1
6 L 6 136 1
6 D 119 136 1
23 L 2 214 1
23 D 119 214 1
21 L 6 365 1
21 D 988 365 1
7 L 5 164 1
7 D 988 164 1
3 L 6 42 1
3 D 509 42 1
10 L 6 342 1
10 D 58 342 1
10 L 6 45 1
10 D 58 45 1
16 L 2 384 1
16 D 58 384 1
16 L 2 122 1
16 D 58 122 1
20 L 1 95 1
20 D 58 95 1
20 L 1 383 1
20 D 58 383 1
13 L 3 18 1
13 D 58 18 1
27 L 6 17 1
27 D 189 17 1
27 L 6 106 1
27 D 189 106 1
29 L 5 119 1
29 D 108 119 1
7 L 2 214 1
7 D 108 214 1
5 L 4 62 1
5 D 336 62 1
5 L 4 45 1
5 D 336 45 1
3 L 0 240 1
3 D 336 240 1
3 L 0 104 1
3 D 336 104 1
14 L 6 335 1
14 D 336 335 1
4 L 4 63 1
4 D 1197 63 1
4 L 4 138 1
4 D 1197 138 1
21 L 5 71 1
21 D 1197 71 1
25 L 7 97 1
25 D 1197 97 1
25 L 7 106 1
25 D 1197 106 1
20 L 4 162 1
20 D 495 162 1
20 L 4 149 1
20 D 495 149 1
18 L 1 211 1
18 D 322 211 1
18 L 1 243 1
18 D 322 243 1
27 L 0 111 1
27 D 322 111 1
0 L 2 390 1
0 D 322 390 1
13 L 1 149 1
13 D 753 149 1
13 L 1 88 1
13 D 753 88 1
13 L 1 28 1
13 D 753 28 1
17 L 8 102 1
17 D 753 102 1
17 L 8 367 1
17 D 753 367 1
7 L 4 78 1
7 D 1156 78 1
7 L 4 382 1
7 D 1156 382 1
1 L 2 348 1
1 D 1156 348 1
15 L 1 112 1
15 D 1153 112 1
15 L 1 371 1
15 D 1153 371 1
12 L 0 249 1
12 D 1153 249 1
24 L 8 279 1
24 D 1153 279 1
27 L 5 364 1
27 D 159 364 1
0 L 3 233 1
0 D 159 233 1
10 L 6 95 1
10 D 159 95 1
10 L 6 238 1
10 D 159 238 1
23 L 2 334 1
23 D 1105 334 1
25 L 9 128 1
25 D 1060 128 1
17 L 6 142 1
17 D 1060 142 1
8 L 9 283 1
8 D 1246 283 1
26 L 2 302 1
26 D 1246 302 1
5 L 1 342 1
5 D 906 342 1
11 L 1 52 1
11 D 906 52 1
27 L 6 238 1
27 D 906 238 1
19 L 4 342 1
19 D 23 342 1
20 L 3 80 1
20 D 23 80 1
7 L 0 144 1
7 D 23 144 1
23 L 5 1 1
23 D 1237 1 1
23 L 5 297 1
23 D 1237 297 1
16 L 1 261 1
16 D 1237 261 1
8 L 0 247 1
8 D 282 247 1
24 L 2 302 1
24 D 282 302 1
27 L 5 45 1
27 D 1189 45 1
12 L 3 299 1
12 D 403 299 1
12 L 3 328 1
12 D 403 328 1
18 L 6 142 1
18 D 375 142 1
13 L 0 275 1
13 D 375 275 1
21 L 3 299 1
21 D 110 299 1
22 L 2 193 1
22 D 110 193 1
22 L 2 83 1
22 D 110 83 1
29 L 4 357 1
29 D 110 357 1
7 L 8 348 1
7 D 110 348 1
27 L 2 309 1
27 D 110 309 1
23 L 9 328 1
23 D 186 328 1
9 L 7 105 1
9 D 186 105 1
8 L 1 114 1
8 D 311 114 1
8 L 1 129 1
8 D 311 129 1
8 L 1 349 1
8 D 311 349 1
6 L 1 52 1
6 D 941 52 1
11 L 2 158 1
11 D 941 158 1
27 L 8 307 1
27 D 941 307 1
21 L 5 342 1
21 D 93 342 1
18 L 6 365 1
18 D 93 365 1
18 L 6 382 1
18 D 93 382 1
1 L 2 119 1
1 D 93 119 1
29 L 8 161 1
29 D 93 161 1
7 L 5 71 1
7 D 172 71 1
17 L 4 301 1
17 D 172 301 1
4 L 1 382 1
4 D 684 382 1
25 L 2 278 1
25 D 859 278 1
25 L 2 216 1
25 D 859 216 1
25 L 2 35 1
25 D 859 35 1
15 L 1 288 1
15 D 859 288 1
24 L 3 275 1
24 D 859 275 1
12 L 9 14 1
12 D 859 14 1
26 L 1 39 1
26 D 866 39 1
26 L 1 52 1
26 D 866 52 1
26 L 1 26 1
26 D 866 26 1
14 L 4 360 1
14 D 880 360 1
14 L 4 122 1
14 D 880 122 1
14 L 4 35 1
14 D 880 35 1
14 L 4 218 1
14 D 880 218 1
10 L 2 397 1
10 D 880 397 1
10 L 2 189 1
10 D 880 189 1
1 L 8 355 1
1 D 880 355 1
6 L 3 224 1
6 D 880 224 1
11 L 5 364 1
11 D 621 364 1
11 L 5 114 1
11 D 621 114 1
28 L 2 189 1
28 D 621 189 1
28 L 2 16 1
28 D 621 16 1
16 L 5 184 1
16 D 229 184 1
16 L 5 259 1
16 D 229 259 1
23 L 7 253 2
23 D 229 253 2
23 L 7 255 1
23 D 229 255 1
4 L 2 56 1
4 D 229 56 1
15 L 0 272 1
15 D 450 272 1
25 L 3 104 1
25 D 450 104 1
25 L 3 121 1
25 D 450 121 1
8 L 1 133 1
8 D 450 133 1
24 L 9 347 1
24 D 450 347 1
20 L 4 50 1
20 D 414 50 1
20 L 4 88 1
20 D 414 88 1
20 L 4 156 1
20 D 414 156 1
3 L 3 372 1
3 D 414 372 1
4 L 7 248 1
4 D 414 248 1
16 L 0 73 1
16 D 414 73 1
13 L 1 261 1
13 D 414 261 1
23 L 9 390 1
23 D 414 390 1
18 L 4 185 1
18 D 495 185 1
18 L 4 330 1
18 D 495 330 1
1 L 8 267 1
1 D 495 267 1
26 L 4 139 1
26 D 596 139 1
7 L 3 27 1
7 D 596 27 1
11 L 0 299 1
11 D 1039 299 1
11 L 0 179 1
11 D 1039 179 1
11 L 0 35 1
11 D 1039 35 1
8 L 7 289 1
8 D 1039 289 1
27 L 3 27 1
27 D 1039 27 1
0 L 3 283 1
0 D 114 283 1
22 L 0 296 1
22 D 1167 296 1
4 L 1 81 1
4 D 1167 81 1
20 L 2 158 1
20 D 904 158 1
28 L 3 380 1
28 D 904 380 1
29 L 2 384 1
29 D 337 384 1
29 L 2 290 1
29 D 337 290 1
29 L 2 158 1
29 D 337 158 1
23 L 2 383 1
23 D 337 383 1
7 L 1 338 1
7 D 337 338 1
19 L 8 252 1
19 D 1131 252 1
1 L 4 52 1
1 D 1131 52 1
1 L 4 237 1
1 D 1131 237 1
17 L 3 345 1
17 D 1131 345 1
11 L 7 392 1
11 D 918 392 1
15 L 5 286 1
15 D 918 286 1
6 L 1 299 1
6 D 597 299 1
6 L 1 63 1
6 D 597 63 1
6 L 1 83 1
6 D 597 83 1
19 L 7 97 1
19 D 597 97 1
27 L 8 324 1
27 D 597 324 1
27 L 8 301 1
27 D 597 301 1
18 L 1 327 1
18 D 597 327 1
26 L 2 50 1
26 D 94 50 1
2 L 1 81 1
2 D 714 81 1
2 L 1 95 1
2 D 714 95 1
17 L 6 321 1
17 D 714 321 1
24 L 7 220 1
24 D 94 220 1
16 L 9 256 1
16 D 94 256 1
7 L 8 360 1
7 D 264 360 1
7 L 8 268 1
7 D 264 268 1
7 L 8 397 1
7 D 264 397 1
7 L 8 125 1
7 D 264 125 1
22 L 1 398 1
22 D 264 398 1
22 L 1 144 1
22 D 264 144 1
4 L 3 346 1
4 D 264 346 1
11 L 1 300 1
11 D 388 300 1
11 L 1 81 1
11 D 388 81 1
11 L 1 218 1
11 D 388 218 1
0 L 2 133 1
0 D 388 133 1
6 L 2 345 1
6 D 388 345 1
19 L 1 28 1
19 D 924 28 1
19 L 1 123 1
19 D 924 123 1
21 L 9 303 1
21 D 924 303 1
18 L 3 308 1
18 D 924 308 1
24 L 7 35 1
24 D 114 35 1
24 L 7 297 1
24 D 114 297 1
24 L 7 289 1
24 D 114 289 1
13 L 6 51 1
13 D 114 51 1
29 L 2 252 1
29 D 1114 252 1
2 L 7 105 1
2 D 1114 105 1
7 L 3 136 1
7 D 1114 136 1
26 L 4 203 1
26 D 1129 203 1
26 L 4 283 1
26 D 1129 283 1
26 L 4 45 1
26 D 1129 45 1
27 L 5 8 1
27 D 569 8 1
27 L 5 17 1
27 D 569 17 1
20 L 3 121 1
20 D 569 121 1
10 L 9 300 1
10 D 846 300 1
24 L 8 287 1
24 D 846 287 1
23 L 3 380 1
23 D 846 380 1
9 L 2 384 1
9 D 1223 384 1
11 L 8 367 1
11 D 1223 367 1
29 L 8 283 1
29 D 1111 283 1
29 L 8 81 1
29 D 1111 81 1
29 L 8 218 1
29 D 1111 218 1
1 L 1 350 1
1 D 1111 350 1
5 L 3 132 1
5 D 1111 132 1
2 L 1 300 1
2 D 190 300 1
2 L 1 122 1
2 D 190 122 1
2 L 1 297 1
2 D 190 297 1
8 L 9 116 1
8 D 190 116 1
12 L 1 77 1
12 D 344 77 1
19 L 7 270 1
19 D 344 270 1
15 L 2 63 1
15 D 1243 63 1
25 L 1 21 1
25 D 1243 21 1
25 L 1 123 1
25 D 1243 123 1
25 L 1 83 1
25 D 1243 83 1
6 L 7 220 1
6 D 1243 220 1
7 L 9 383 1
7 D 932 383 1
7 L 9 314 1
7 D 932 314 1
3 L 1 63 1
3 D 215 63 1
3 L 1 137 1
3 D 215 137 1
9 L 9 8 1
9 D 215 8 1
17 L 5 329 1
17 D 472 329 1
17 L 5 218 1
17 D 472 218 1
20 L 5 144 1
20 D 472 144 1
26 L 7 108 1
26 D 472 108 1
27 L 5 199 1
27 D 472 199 1
0 L 6 170 1
0 D 472 170 1
15 L 3 282 1
15 D 472 282 1
14 L 1 17 1
14 D 581 17 1
8 L 9 256 1
8 D 581 256 1
1 L 5 184 1
1 D 826 184 1
1 L 5 283 1
1 D 826 283 1
25 L 0 249 1
25 D 826 249 1
13 L 6 399 1
13 D 826 399 1
24 L 0 182 1
24 D 1148 182 1
16 L 8 279 1
16 D 1148 279 1
2 L 3 135 1
2 D 1148 135 1
0 L 6 238 1
0 D 959 238 1
23 L 1 278 1
23 D 34 278 1
23 L 1 216 1
23 D 34 216 1
23 L 1 208 1
23 D 34 208 1
12 L 4 35 1
12 D 744 35 1
12 L 4 52 1
12 D 744 52 1
10 L 6 238 1
10 D 744 238 1
6 L 9 223 1
6 D 744 223 1
25 L 2 361 1
25 D 744 361 1
29 L 3 346 1
29 D 662 346 1
28 L 7 259 1
28 D 1044 259 1
22 L 8 299 1
22 D 231 299 1
22 L 8 83 1
22 D 231 83 1
22 L 8 129 1
22 D 231 129 1
22 L 8 324 1
22 D 231 324 1
4 L 3 121 1
4 D 231 121 1
4 L 3 16 1
4 D 231 16 1
20 L 5 181 1
20 D 231 181 1
10 L 0 137 1
10 D 874 137 1
10 L 0 168 1
10 D 874 168 1
3 L 0 276 1
3 D 799 276 1
6 L 8 122 1
6 D 799 122 1
6 L 8 123 1
6 D 799 123 1
6 L 8 210 1
6 D 799 210 1
12 L 3 205 1
12 D 799 205 1
23 L 4 139 1
23 D 836 139 1
25 L 8 41 1
25 D 836 41 1
29 L 4 62 1
29 D 219 62 1
16 L 6 231 1
16 D 219 231 1
2 L 8 41 1
2 D 219 41 1
11 L 7 145 1
11 D 201 145 1
19 L 3 80 1
19 D 201 80 1
26 L 3 24 1
26 D 201 24 1
4 L 0 114 1
4 D 422 114 1
22 L 9 251 1
22 D 422 251 1
22 L 9 201 1
22 D 422 201 1
10 L 1 391 1
10 D 422 391 1
16 L 2 358 1
16 D 1228 358 1
13 L 1 88 1
13 D 62 88 1
20 L 2 193 1
20 D 62 193 1
20 L 2 104 1
20 D 62 104 1
20 L 2 201 1
20 D 62 201 1
2 L 4 299 1
2 D 73 299 1
2 L 4 360 1
2 D 73 360 1
2 L 4 81 1
2 D 73 81 1
2 L 4 227 1
2 D 73 227 1
2 L 4 375 1
2 D 73 375 1
18 L 8 324 1
18 D 1228 324 1
18 L 8 70 1
18 D 1228 70 1
21 L 0 223 1
21 D 1228 223 1
1 L 9 379 1
1 D 694 379 1
11 L 9 116 1
11 D 73 116 1
19 L 8 267 1
19 D 73 267 1
4 L 2 154 1
4 D 73 154 1
5 L 9 337 1
5 D 694 337 1
10 L 2 164 1
10 D 694 164 1
28 L 9 29 1
28 D 668 29 1
13 L 5 183 1
13 D 668 183 1
3 L 8 125 1
3 D 668 125 1
8 L 6 51 1
8 D 668 51 1
1 L 5 364 1
1 D 1113 364 1
1 L 5 218 1
1 D 1113 218 1
1 L 5 1 1
1 D 1113 1 1
0 L 5 376 1
0 D 1113 376 1
17 L 1 261 1
17 D 1113 261 1
19 L 1 123 1
19 D 95 123 1
13 L 5 232 1
13 D 95 232 1
9 L 9 328 1
9 D 251 328 1
9 L 9 278 1
9 D 251 278 1
8 L 8 131 1
8 D 251 131 1
29 L 5 286 1
29 D 251 286 1
12 L 9 251 1
12 D 587 251 1
6 L 6 90 1
6 D 587 90 1
28 L 5 184 1
28 D 1185 184 1
0 L 4 162 1
0 D 1185 162 1
3 L 1 241 1
3 D 1185 241 1
4 L 2 319 1
4 D 1185 319 1
4 L 2 382 1
4 D 1185 382 1
26 L 9 353 1
26 D 1185 353 1
22 L 5 129 1
22 D 879 129 1
22 L 5 71 1
22 D 879 71 1
15 L 7 97 1
15 D 879 97 1
10 L 6 238 1
10 D 879 238 1
27 L 1 338 1
27 D 879 338 1
9 L 5 113 1
9 D 34 113 1
7 L 1 261 1
7 D 34 261 1
18 L 2 252 1
18 D 779 252 1
6 L 7 332 1
6 D 779 332 1
22 L 3 375 1
22 D 248 375 1
13 L 6 149 1
13 D 945 149 1
13 L 6 283 1
13 D 945 283 1
13 L 6 53 1
13 D 945 53 1
17 L 2 325 1
17 D 945 325 1
27 L 7 287 1
27 D 945 287 1
27 L 7 371 1
27 D 945 371 1
27 L 7 210 1
27 D 945 210 1
0 L 4 394 1
0 D 945 394 1
26 L 1 333 1
26 D 945 333 1
20 L 1 300 1
20 D 958 300 1
20 L 1 283 1
20 D 958 283 1
9 L 9 76 1
9 D 958 76 1
9 L 9 303 1
9 D 958 303 1
12 L 7 278 1
12 D 1180 278 1
12 L 7 163 2
12 D 1180 163 2
19 L 4 201 1
19 D 1180 201 1
10 L 9 116 1
10 D 1180 116 1
6 L 2 193 1
6 D 176 193 1
28 L 9 251 1
28 D 176 251 1
28 L 9 235 1
28 D 176 235 1
25 L 3 164 1
25 D 176 164 1
13 L 1 252 1
13 D 308 252 1
5 L 7 105 1
5 D 308 105 1
19 L 3 372 1
19 D 308 372 1
20 L 2 42 1
20 D 308 42 1
7 L 7 299 1
7 D 107 299 1
7 L 7 375 1
7 D 107 375 1
7 L 7 17 1
7 D 107 17 1
12 L 9 235 1
12 D 107 235 1
14 L 1 198 1
14 D 107 198 1
15 L 6 181 1
15 D 107 181 1
18 L 3 112 1
18 D 281 112 1
6 L 2 129 1
6 D 330 129 1
28 L 9 251 2
28 D 330 251 2
2 L 6 399 1
2 D 330 399 1
0 L 2 191 1
0 D 1129 191 1
0 L 2 158 1
0 D 1129 158 1
4 L 7 201 1
4 D 1129 201 1
4 L 7 301 1
4 D 1129 301 1
19 L 3 189 1
19 D 922 189 1
12 L 3 224 1
12 D 922 224 1
14 L 1 198 1
14 D 281 198 1
22 L 5 113 1
22 D 281 113 1
9 L 3 228 1
9 D 281 228 1
19 L 0 63 1
19 D 122 63 1
19 L 0 276 1
19 D 122 276 1
2 L 2 241 1
2 D 122 241 1
8 L 8 312 1
8 D 122 312 1
17 L 3 133 1
17 D 122 133 1
23 L 1 338 1
23 D 122 338 1
26 L 1 328 1
26 D 1027 328 1
27 L 6 231 1
27 D 1027 231 1
13 L 3 121 1
13 D 1027 121 1
0 L 7 220 1
0 D 1027 220 1
16 L 3 112 1
16 D 781 112 1
6 L 5 344 1
6 D 781 344 1
6 L 5 397 1
6 D 781 397 1
25 L 9 42 1
25 D 781 42 1
25 L 9 70 1
25 D 781 70 1
10 L 5 344 1
10 D 138 344 1
10 L 5 244 1
10 D 138 244 1
9 L 3 35 1
9 D 675 35 1
9 L 3 17 1
9 D 675 17 1
19 L 6 90 1
19 D 675 90 1
0 L 0 72 1
0 D 408 72 1
11 L 6 142 1
11 D 408 142 1
21 L 0 74 1
21 D 765 74 1
24 L 4 214 1
24 D 765 214 1
23 L 0 272 1
23 D 162 272 1
19 L 5 52 1
19 D 837 52 1
22 L 9 251 1
22 D 837 251 1
1 L 4 226 1
1 D 837 226 1
1 L 4 16 1
1 D 837 16 1
26 L 3 153 1
26 D 72 153 1
4 L 8 367 1
4 D 72 367 1
13 L 3 380 1
13 D 72 380 1
20 L 2 360 1
20 D 268 360 1
24 L 1 28 1
24 D 268 28 1
6 L 5 21 1
6 D 268 21 1
25 L 3 153 1
25 D 268 153 1
25 L 3 163 1
25 D 268 163 1
27 L 5 286 1
27 D 268 286 1
28 L 8 204 1
28 D 1052 204 1
4 L 2 347 1
4 D 1052 347 1
9 L 2 361 1
9 D 1052 361 1
5 L 6 63 1
5 D 955 63 1
5 L 6 328 1
5 D 955 328 1
5 L 6 283 1
5 D 955 283 1
8 L 0 272 1
8 D 955 272 1
11 L 3 104 1
11 D 955 104 1
10 L 1 54 1
10 D 955 54 1
20 L 1 28 1
20 D 1006 28 1
24 L 5 183 1
24 D 1006 183 1
28 L 0 290 1
28 D 1006 290 1
28 L 0 201 1
28 D 1006 201 1
8 L 5 196 1
8 D 515 196 1
23 L 1 211 2
23 D 216 211 2
11 L 5 376 2
11 D 216 376 2
10 L 6 53 1
10 D 12 53 1
13 L 5 71 1
13 D 12 71 1
1 L 4 86 1
1 D 12 86 1
1 L 4 281 1
1 D 12 281 1
3 L 8 347 1
3 D 12 347 1
7 L 7 342 1
7 D 981 342 1
7 L 7 68 1
7 D 981 68 1
28 L 5 339 1
28 D 981 339 1
16 L 2 384 1
16 D 202 384 1
16 L 2 104 1
16 D 202 104 1
29 L 4 202 1
29 D 202 202 1
21 L 3 159 1
21 D 1017 159 1
6 L 8 125 1
6 D 1017 125 1
6 L 8 163 1
6 D 1017 163 1
20 L 2 70 1
20 D 1017 70 1
25 L 7 227 1
25 D 56 227 1
25 L 7 310 1
25 D 56 310 1
25 L 7 392 1
25 D 56 392 1
22 L 9 235 1
22 D 56 235 1
2 L 8 41 1
2 D 56 41 1
4 L 3 346 1
4 D 56 346 1
15 L 7 68 1
15 D 645 68 1
8 L 7 398 1
8 D 645 398 1
8 L 7 16 1
8 D 645 16 1
18 L 1 338 1
18 D 645 338 1
10 L 5 184 1
10 D 1202 184 1
1 L 1 297 1
1 D 1202 297 1
21 L 3 243 1
21 D 1202 243 1
21 L 3 133 1
21 D 1202 133 1
26 L 4 86 1
26 D 981 86 1
5 L 7 24 1
5 D 981 24 1
9 L 7 332 1
9 D 981 332 1
2 L 9 342 1
2 D 711 342 1
2 L 9 265 1
2 D 711 265 1
8 L 7 392 1
8 D 711 392 1
11 L 6 365 1
11 D 711 365 1
11 L 6 281 1
11 D 711 281 1
13 L 2 164 1
13 D 711 164 1
24 L 2 278 1
24 D 977 278 1
5 L 3 76 1
5 D 347 76 1
19 L 3 347 1
19 D 1171 347 1
18 L 2 123 1
18 D 704 123 1
18 L 2 16 1
18 D 704 16 1
22 L 3 10 1
22 D 704 10 1
4 L 2 8 1
4 D 1033 8 1
8 L 1 198 1
8 D 1033 198 1
8 L 1 221 1
8 D 1033 221 1
20 L 3 228 1
20 D 1033 228 1
0 L 4 306 1
0 D 165 306 1
7 L 2 10 1
7 D 165 10 1
29 L 4 162 1
29 D 1200 162 1
1 L 4 76 1
1 D 1200 76 1
13 L 4 154 1
13 D 1200 154 1
25 L 8 15 1
25 D 1200 15 1
4 L 9 235 1
4 D 266 235 1
22 L 8 298 1
22 D 266 298 1
9 L 9 265 2
9 D 669 265 2
5 L 9 116 1
5 D 669 116 1
18 L 1 63 1
18 D 637 63 1
11 L 9 265 1
11 D 637 265 1
24 L 5 183 1
24 D 637 183 1
20 L 4 139 1
20 D 637 139 1
6 L 7 289 1
6 D 637 289 1
26 L 1 95 1
26 D 526 95 1
3 L 8 312 1
3 D 526 312 1
28 L 5 252 1
28 D 700 252 1
1 L 4 78 1
1 D 700 78 1
1 L 4 297 1
1 D 700 297 1
19 L 9 116 1
19 D 700 116 1
23 L 4 46 1
23 D 1043 46 1
11 L 2 299 1
11 D 198 299 1
11 L 2 384 1
11 D 198 384 1
18 L 2 156 1
18 D 198 156 1
6 L 7 200 1
6 D 198 200 1
26 L 7 220 1
26 D 198 220 1
16 L 9 256 1
16 D 198 256 1
27 L 5 71 1
27 D 403 71 1
27 L 5 371 1
27 D 403 371 1
8 L 1 349 1
8 D 403 349 1
28 L 7 374 1
28 D 403 374 1
2 L 4 164 1
2 D 403 164 1
19 L 1 35 1
19 D 133 35 1
4 L 3 372 1
4 D 133 372 1
10 L 5 212 1
10 D 133 212 1
17 L 8 270 1
17 D 133 270 1
9 L 8 125 1
9 D 737 125 1
9 L 8 371 1
9 D 737 371 1
7 L 3 299 1
7 D 541 299 1
6 L 8 312 1
6 D 178 312 1
16 L 3 233 1
16 D 236 233 1
22 L 9 256 1
22 D 236 256 1
25 L 9 300 1
25 D 541 300 1
27 L 4 139 1
27 D 541 139 1
27 L 4 26 1
27 D 541 26 1
27 L 4 243 1
27 D 541 243 1
3 L 8 367 1
3 D 541 367 1
13 L 4 10 1
13 D 541 10 1
6 L 4 2 1
6 D 514 2 1
29 L 9 379 1
29 D 1217 379 1
18 L 6 89 1
18 D 1217 89 1
21 L 9 116 1
21 D 1217 116 1
14 L 1 171 1
14 D 538 171 1
17 L 7 108 1
17 D 538 108 1
19 L 9 270 1
19 D 538 270 1
4 L 2 149 1
4 D 797 149 1
10 L 9 379 1
10 D 797 379 1
10 L 9 371 1
10 D 797 371 1
10 L 9 237 1
10 D 797 237 1
25 L 3 37 1
25 D 797 37 1
1 L 9 172 1
1 D 233 172 1
1 L 9 241 1
1 D 233 241 1
26 L 2 254 1
26 D 124 254 1
14 L 9 116 1
14 D 124 116 1
29 L 9 386 1
29 D 766 386 1
18 L 5 286 1
18 D 766 286 1
10 L 3 80 1
10 D 482 80 1
16 L 2 384 1
16 D 482 384 1
3 L 8 5 1
3 D 482 5 1
3 L 8 83 1
3 D 482 83 1
13 L 1 349 1
13 D 482 349 1
2 L 7 181 1
2 D 1127 181 1
7 L 4 352 1
7 D 279 352 1
7 L 4 290 1
7 D 279 290 1
0 L 3 346 1
0 D 279 346 1
6 L 5 196 1
6 D 413 196 1
14 L 6 219 1
14 D 413 219 1
14 L 6 314 1
14 D 413 314 1
8 L 2 254 1
8 D 314 254 1
18 L 8 279 1
18 D 314 279 1
2 L 8 161 1
2 D 314 161 1
12 L 8 216 1
12 D 997 216 1
12 L 8 255 1
12 D 997 255 1
12 L 8 83 1
12 D 997 83 1
12 L 8 258 1
12 D 997 258 1
28 L 2 254 1
28 D 456 254 1
28 L 2 300 1
28 D 456 300 1
15 L 3 153 1
15 D 456 153 1
15 L 3 104 1
15 D 456 104 1
13 L 2 288 1
13 D 456 288 1
22 L 3 275 1
22 D 456 275 1
6 L 3 27 1
6 D 997 27 1
27 L 8 67 1
27 D 200 67 1
27 L 8 138 1
27 D 200 138 1
27 L 8 268 1
27 D 200 268 1
9 L 6 189 1
9 D 200 189 1
17 L 8 324 1
17 D 200 324 1
17 L 8 307 1
17 D 200 307 1
2 L 2 302 1
2 D 200 302 1
10 L 3 283 1
10 D 813 283 1
10 L 3 45 1
10 D 813 45 1
3 L 5 344 1
3 D 142 344 1
3 L 5 104 1
3 D 142 104 1
13 L 6 221 1
13 D 142 221 1
24 L 1 349 1
24 D 394 349 1
13 L 5 200 1
13 D 394 200 1
13 L 5 111 1
13 D 394 111 1
16 L 1 133 1
16 D 394 133 1
21 L 4 96 1
21 D 844 96 1
21 L 4 172 1
21 D 844 172 1
21 L 4 371 1
21 D 844 371 1
29 L 8 41 1
29 D 844 41 1
27 L 3 233 1
27 D 355 233 1
27 L 3 104 1
27 D 355 104 1
26 L 8 367 1
26 D 355 367 1
6 L 2 47 1
6 D 726 47 1
3 L 8 187 1
3 D 726 187 1
16 L 3 205 1
16 D 726 205 1
13 L 3 47 1
13 D 1120 47 1
15 L 1 191 1
15 D 1120 191 1
15 L 1 398 1
15 D 1120 398 1
22 L 8 293 1
22 D 1120 293 1
22 L 8 312 1
22 D 1120 312 1
12 L 5 286 1
12 D 1120 286 1
9 L 3 328 1
9 D 421 328 1
29 L 9 235 1
29 D 421 235 1
21 L 1 338 1
21 D 421 338 1
20 L 6 90 1
20 D 1198 90 1
19 L 8 216 1
19 D 585 216 1
19 L 8 163 1
19 D 585 163 1
23 L 8 267 1
23 D 585 267 1
15 L 0 272 1
15 D 873 272 1
6 L 0 70 1
6 D 873 70 1
6 L 0 16 1
6 D 873 16 1
5 L 2 230 1
5 D 750 230 1
7 L 1 54 1
7 D 750 54 1
7 L 1 382 1
7 D 750 382 1
3 L 1 147 1
3 D 750 147 1
14 L 5 344 1
14 D 532 344 1
0 L 1 349 1
0 D 532 349 1
18 L 7 289 1
18 D 532 289 1
18 L 7 97 1
18 D 532 97 1
22 L 9 69 1
22 D 532 69 1
10 L 1 63 1
10 D 937 63 1
26 L 3 80 1
26 D 937 80 1
27 L 9 303 1
27 D 937 303 1
27 L 9 382 1
27 D 937 382 1
9 L 7 206 1
9 D 937 206 1
15 L 8 154 1
15 D 937 154 1
8 L 3 299 1
8 D 653 299 1
11 L 3 233 1
11 D 653 233 1
25 L 5 52 1
25 D 653 52 1
25 L 5 95 1
25 D 653 95 1
28 L 8 45 1
28 D 1102 45 1
28 L 8 278 1
28 D 1102 278 1
14 L 1 253 1
14 D 847 253 1
18 L 1 290 1
18 D 847 290 1
18 L 1 371 1
18 D 847 371 1
17 L 8 257 1
17 D 847 257 1
9 L 5 114 1
9 D 709 114 1
9 L 5 218 1
9 D 709 218 1
9 L 5 196 1
9 D 709 196 1
15 L 2 164 1
15 D 709 164 1
6 L 7 210 1
6 D 503 210 1
6 L 7 95 1
6 D 503 95 1
23 L 3 35 1
23 D 222 35 1
23 L 3 255 1
23 D 222 255 1
23 L 3 117 1
23 D 222 117 1
29 L 9 251 1
29 D 222 251 1
29 L 9 221 1
29 D 222 221 1
1 L 3 121 1
1 D 1092 121 1
20 L 4 375 1
20 D 782 375 1
20 L 4 237 1
20 D 782 237 1
21 L 4 301 1
21 D 782 301 1
3 L 2 384 1
3 D 957 384 1
6 L 5 71 1
6 D 957 71 1
28 L 3 27 1
28 D 957 27 1
10 L 6 343 1
10 D 823 343 1
12 L 5 132 1
12 D 823 132 1
17 L 1 297 1
17 D 771 297 1
26 L 3 27 1
26 D 771 27 1
23 L 0 276 1
23 D 329 276 1
9 L 3 241 2
9 D 329 241 2
16 L 8 324 1
16 D 329 324 1
21 L 0 168 1
21 D 458 168 1
20 L 8 367 1
20 D 458 367 1
25 L 7 164 1
25 D 458 164 1
8 L 6 238 1
8 D 233 238 1
5 L 6 170 1
5 D 233 170 1
17 L 8 5 1
17 D 949 5 1
26 L 8 125 1
26 D 949 125 1
26 L 8 163 1
26 D 949 163 1
27 L 4 275 1
27 D 949 275 1
24 L 8 67 1
24 D 611 67 1
16 L 6 313 1
16 D 611 313 1
16 L 6 35 1
16 D 611 35 1
16 L 6 163 1
16 D 611 163 1
10 L 4 16 1
10 D 611 16 1
10 L 4 185 1
10 D 611 185 1
0 L 4 11 1
0 D 69 11 1
0 L 4 237 1
0 D 69 237 1
20 L 3 383 1
20 D 69 383 1
19 L 7 50 1
19 D 109 50 1
9 L 3 290 1
9 D 109 290 1
9 L 3 372 1
9 D 109 372 1
15 L 5 237 1
15 D 109 237 1
15 L 5 383 1
15 D 109 383 1
10 L 0 272 1
10 D 907 272 1
10 L 0 201 1
10 D 907 201 1
16 L 6 238 1
16 D 907 238 1
29 L 0 296 2
29 D 1159 296 2
21 L 4 275 1
21 D 1159 275 1
13 L 5 23 1
13 D 228 23 1
13 L 5 122 1
13 D 228 122 1
13 L 5 196 1
13 D 228 196 1
0 L 9 219 1
0 D 228 219 1
0 L 9 266 1
0 D 228 266 1
2 L 3 205 1
2 D 228 205 1
15 L 3 94 1
15 D 649 94 1
15 L 3 245 1
15 D 649 245 1
18 L 7 97 1
18 D 649 97 1
26 L 3 372 1
26 D 1057 372 1
24 L 4 237 1
24 D 1057 237 1
11 L 2 284 1
11 D 1057 284 1
3 L 9 251 1
3 D 575 251 1
3 L 9 70 1
3 D 575 70 1
29 L 2 149 1
29 D 890 149 1
5 L 2 310 1
5 D 890 310 1
26 L 7 289 1
26 D 890 289 1
8 L 6 217 1
8 D 890 217 1
13 L 4 348 1
13 D 890 348 1
11 L 8 5 1
11 D 385 5 1
11 L 8 83 1
11 D 385 83 1
15 L 6 365 1
15 D 385 365 1
17 L 8 2 1
17 D 385 2 1
27 L 7 145 1
27 D 364 145 1
16 L 6 126 1
16 D 364 126 1
19 L 4 4 1
19 D 364 4 1
20 L 7 95 1
20 D 364 95 1
13 L 0 252 1
13 D 510 252 1
12 L 6 335 1
12 D 510 335 1
12 L 6 365 1
12 D 510 365 1
7 L 8 355 1
7 D 510 355 1
8 L 3 391 1
8 D 510 391 1
4 L 0 299 1
4 D 39 299 1
10 L 4 278 1
10 D 39 278 1
10 L 4 313 1
10 D 39 313 1
10 L 4 129 1
10 D 39 129 1
10 L 4 52 1
10 D 39 52 1
14 L 7 119 1
14 D 39 119 1
15 L 4 214 1
15 D 39 214 1
16 L 7 259 1
16 D 574 259 1
21 L 8 41 1
21 D 574 41 1
7 L 3 228 1
7 D 574 228 1
5 L 3 189 1
5 D 494 189 1
8 L 9 382 1
8 D 52 382 1
18 L 0 296 1
18 D 410 296 1
14 L 8 41 1
14 D 410 41 1
11 L 5 180 1
11 D 410 180 1
19 L 9 29 1
19 D 830 29 1
19 L 9 122 1
19 D 830 122 1
19 L 9 52 1
19 D 830 52 1
24 L 9 337 1
24 D 830 337 1
29 L 2 290 1
29 D 204 290 1
29 L 2 104 1
29 D 204 104 1
29 L 2 158 1
29 D 204 158 1
3 L 8 350 1
3 D 204 350 1
22 L 2 84 1
22 D 1002 84 1
22 L 2 375 1
22 D 1002 375 1
22 L 2 104 1
22 D 1002 104 1
2 L 6 169 1
2 D 1002 169 1
2 L 6 365 1
2 D 1002 365 1
23 L 7 220 1
23 D 1002 220 1
1 L 2 329 1
1 D 103 329 1
1 L 2 254 1
1 D 103 254 1
14 L 6 399 2
14 D 103 399 2
17 L 8 298 1
17 D 103 298 1
28 L 6 79 1
28 D 182 79 1
28 L 6 26 1
28 D 182 26 1
28 L 6 191 1
28 D 182 191 1
20 L 5 280 1
20 D 182 280 1
21 L 2 119 1
21 D 182 119 1
3 L 8 350 1
3 D 182 350 1
18 L 2 384 1
18 D 721 384 1
7 L 0 33 1
7 D 721 33 1
1 L 3 26 1
1 D 721 26 1
1 L 3 372 1
1 D 721 372 1
1 L 3 120 1
1 D 721 120 1
29 L 9 295 1
29 D 721 295 1
14 L 1 28 1
14 D 717 28 1
17 L 0 272 1
17 D 717 272 1
23 L 4 46 1
23 D 717 46 1
16 L 4 162 1
16 D 719 162 1
16 L 4 283 1
16 D 719 283 1
22 L 7 97 1
22 D 719 97 1
22 L 7 301 1
22 D 719 301 1
8 L 4 223 1
8 D 719 223 1
12 L 1 63 1
12 D 732 63 1
5 L 0 96 1
5 D 732 96 1
5 L 0 297 1
5 D 732 297 1
5 L 0 243 1
5 D 732 243 1
13 L 8 382 1
13 D 732 382 1
19 L 9 205 1
19 D 732 205 1
15 L 2 334 1
15 D 500 334 1
16 L 3 159 1
16 D 426 159 1
16 L 3 122 1
16 D 426 122 1
26 L 5 218 3
26 D 426 218 3
12 L 9 116 1
12 D 426 116 1
25 L 2 254 1
25 D 498 254 1
21 L 1 191 1
21 D 498 191 1
22 L 8 131 1
22 D 498 131 1
3 L 7 219 1
3 D 498 219 1
13 L 7 223 1
13 D 498 223 1
2 L 4 360 1
2 D 942 360 1
2 L 4 96 1
2 D 942 96 1
11 L 1 144 1
11 D 733 144 1
27 L 4 223 1
27 D 733 223 1
9 L 9 132 1
9 D 733 132 1
17 L 9 337 1
17 D 942 337 1
6 L 2 262 1
6 D 942 262 1
19 L 7 332 1
19 D 942 332 1
0 L 9 205 1
0 D 942 205 1
29 L 3 159 1
29 D 849 159 1
20 L 7 163 1
20 D 849 163 1
20 L 7 97 1
20 D 849 97 1
25 L 1 382 1
25 D 849 382 1
26 L 3 61 1
26 D 849 61 1
21 L 8 165 1
21 D 849 165 1
3 L 3 96 1
3 D 476 96 1
23 L 6 90 1
23 D 476 90 1
4 L 7 390 1
4 D 476 390 1
10 L 6 89 1
10 D 149 89 1
12 L 3 233 1
12 D 710 233 1
13 L 0 92 1
13 D 710 92 1
29 L 8 307 1
29 D 710 307 1
19 L 8 22 1
19 D 424 22 1
26 L 4 86 1
26 D 424 86 1
26 L 4 314 1
26 D 424 314 1
18 L 8 5 1
18 D 1205 5 1
4 L 6 90 1
4 D 1205 90 1
6 L 4 10 1
6 D 1205 10 1
11 L 6 10 1
11 D 1205 10 1
28 L 4 59 1
28 D 1030 59 1
16 L 1 261 1
16 D 1101 261 1
5 L 8 267 1
5 D 1101 267 1
8 L 5 164 1
8 D 1101 164 1
7 L 5 286 1
7 D 507 286 1
6 L 3 341 1
6 D 361 341 1
9 L 5 113 1
9 D 361 113 1
13 L 4 162 1
13 D 633 162 1
13 L 4 252 1
13 D 633 252 1
16 L 6 126 1
16 D 633 126 1
16 L 6 138 1
16 D 633 138 1
16 L 6 79 1
16 D 633 79 1
16 L 6 374 1
16 D 633 374 1
26 L 1 299 1
26 D 350 299 1
4 L 4 208 1
4 D 350 208 1
4 L 4 293 1
4 D 350 293 1
11 L 3 16 1
11 D 350 16 1
1 L 3 20 1
1 D 350 20 1
23 L 3 375 1
23 D 217 375 1
23 L 3 371 1
23 D 217 371 1
24 L 8 298 1
24 D 217 298 1
8 L 3 375 1
8 D 1012 375 1
8 L 3 371 1
8 D 1012 371 1
22 L 7 220 1
22 D 1012 220 1
12 L 4 154 1
12 D 1012 154 1
27 L 3 270 1
27 D 1012 270 1
9 L 4 189 1
9 D 57 189 1
16 L 0 103 1
16 D 57 103 1
6 L 5 244 1
6 D 57 244 1
11 L 9 256 1
11 D 57 256 1
4 L 0 300 1
4 D 609 300 1
19 L 2 227 1
19 D 609 227 1
19 L 2 123 1
19 D 609 123 1
19 L 2 129 1
19 D 609 129 1
26 L 6 104 1
26 D 609 104 1
26 L 6 200 1
26 D 609 200 1
1 L 9 337 1
1 D 609 337 1
28 L 4 275 1
28 D 609 275 1
5 L 4 60 1
5 D 609 60 1
12 L 0 272 1
12 D 475 272 1
0 L 5 180 1
0 D 475 180 1
18 L 7 360 1
18 D 265 360 1
18 L 7 283 1
18 D 265 283 1
18 L 7 35 1
18 D 265 35 1
23 L 3 16 1
23 D 265 16 1
19 L 0 33 1
19 D 841 33 1
20 L 6 399 1
20 D 841 399 1
6 L 1 211 1
6 D 436 211 1
11 L 5 71 1
11 D 436 71 1
11 L 5 297 1
11 D 436 297 1
8 L 6 16 1
8 D 436 16 1
8 L 6 382 1
8 D 436 382 1
16 L 8 267 1
16 D 436 267 1
29 L 3 159 1
29 D 654 159 1
5 L 9 251 1
5 D 654 251 1
5 L 9 243 1
5 D 654 243 1
10 L 2 334 1
10 D 654 334 1
17 L 4 394 1
17 D 654 394 1
4 L 4 313 1
4 D 1155 313 1
4 L 4 96 1
4 D 1155 96 1
4 L 4 172 1
4 D 1155 172 1
6 L 8 104 1
6 D 1155 104 1
8 L 6 154 1
8 D 1155 154 1
24 L 7 145 1
24 D 962 145 1
3 L 8 5 1
3 D 962 5 1
7 L 9 235 1
7 D 962 235 1
7 L 9 219 1
7 D 962 219 1
28 L 1 211 1
28 D 805 211 1
20 L 5 344 1
20 D 805 344 1
20 L 5 287 1
20 D 805 287 1
0 L 2 383 1
0 D 805 383 1
13 L 3 27 1
13 D 805 27 1
10 L 0 157 1
10 D 805 157 1
19 L 8 88 1
19 D 1107 88 1
15 L 3 372 1
15 D 1107 372 1
12 L 2 210 1
12 D 1107 210 1
12 L 2 236 1
12 D 1107 236 1
6 L 8 279 1
6 D 1107 279 1
18 L 7 189 1
18 D 996 189 1
18 L 7 172 1
18 D 996 172 1
18 L 7 237 1
18 D 996 237 1
24 L 3 188 1
24 D 996 188 1
7 L 3 199 1
7 D 552 199 1
26 L 9 69 1
26 D 552 69 1
22 L 4 270 1
22 D 552 270 1
9 L 3 146 1
9 D 61 146 1
10 L 8 161 1
10 D 61 161 1
23 L 9 252 1
23 D 246 252 1
12 L 8 22 1
12 D 246 22 1
21 L 6 122 1
21 D 246 122 1
24 L 3 153 1
24 D 246 153 1
24 L 3 314 1
24 D 246 314 1
8 L 0 16 1
8 D 246 16 1
14 L 7 223 1
14 D 246 223 1
6 L 4 342 1
6 D 277 342 1
5 L 7 392 1
5 D 277 392 1
25 L 9 303 1
25 D 277 303 1
25 L 9 221 1
25 D 277 221 1
17 L 8 67 1
17 D 54 67 1
14 L 8 267 1
14 D 54 267 1
11 L 4 26 1
11 D 478 26 1
11 L 4 139 1
11 D 478 139 1
29 L 5 244 1
29 D 478 244 1
16 L 6 53 1
16 D 199 53 1
4 L 5 344 1
4 D 199 344 1
1 L 9 2 1
1 D 199 2 1
28 L 8 312 2
28 D 746 312 2
8 L 5 364 1
8 D 1247 364 1
11 L 2 384 1
11 D 1247 384 1
11 L 2 163 1
11 D 1247 163 1
19 L 4 293 1
19 D 1247 293 1
19 L 4 288 1
19 D 1247 288 1
17 L 8 351 1
17 D 1247 351 1
16 L 8 125 1
16 D 665 125 1
20 L 4 78 1
20 D 665 78 1
24 L 4 190 1
24 D 665 190 1
12 L 2 384 1
12 D 553 384 1
3 L 6 227 1
3 D 553 227 1
2 L 9 251 1
2 D 553 251 1
2 L 9 16 1
2 D 553 16 1
8 L 5 390 1
8 D 553 390 1
28 L 9 386 1
28 D 166 386 1
21 L 3 350 1
21 D 166 350 1
4 L 2 275 1
4 D 166 275 1
17 L 4 162 1
17 D 862 162 1
20 L 5 196 1
20 D 862 196 1
20 L 5 243 1
20 D 862 243 1
15 L 4 229 1
15 D 862 229 1
23 L 1 124 1
23 D 862 124 1
19 L 2 300 1
19 D 1074 300 1
8 L 7 105 1
8 D 1074 105 1
8 L 7 354 1
8 D 1074 354 1
3 L 2 334 1
3 D 1074 334 1
11 L 5 196 1
11 D 112 196 1
11 L 5 241 1
11 D 112 241 1
6 L 4 111 1
6 D 112 111 1
6 L 4 382 1
6 D 112 382 1
13 L 3 350 1
13 D 112 350 1
4 L 8 258 1
4 D 155 258 1
4 L 8 52 1
4 D 155 52 1
18 L 9 241 1
18 D 155 241 1
18 L 9 104 1
18 D 155 104 1
28 L 4 86 1
28 D 155 86 1
16 L 6 301 1
16 D 155 301 1
16 L 6 238 1
16 D 155 238 1
21 L 7 343 1
21 D 155 343 1
3 L 8 117 1
3 D 441 117 1
3 L 8 227 1
3 D 441 227 1
7 L 6 199 1
7 D 441 199 1
26 L 3 372 1
26 D 978 372 1
26 L 3 371 1
26 D 978 371 1
15 L 5 204 1
15 D 978 204 1
11 L 5 136 1
11 D 978 136 1
19 L 7 392 1
19 D 703 392 1
19 L 7 129 1
19 D 703 129 1
19 L 7 17 1
19 D 703 17 1
8 L 4 119 1
8 D 703 119 1
18 L 5 26 1
18 D 191 26 1
25 L 7 106 1
25 D 191 106 1
16 L 5 286 1
16 D 191 286 1
5 L 5 344 1
5 D 508 344 1
23 L 2 219 1
23 D 508 219 1
23 L 2 319 1
23 D 508 319 1
7 L 4 59 1
7 D 508 59 1
26 L 3 149 1
26 D 897 149 1
26 L 3 290 2
26 D 897 290 2
22 L 0 103 1
22 D 897 103 1
9 L 2 334 1
9 D 897 334 1
13 L 7 262 1
13 D 897 262 1
2 L 2 354 1
2 D 1138 354 1
2 L 2 219 1
2 D 1138 219 1
10 L 2 87 1
10 D 1138 87 1
16 L 8 41 1
16 D 777 41 1
5 L 0 35 1
5 D 370 35 1
7 L 9 251 1
7 D 370 251 1
7 L 9 383 1
7 D 370 383 1
15 L 5 16 1
15 D 370 16 1
0 L 6 136 1
0 D 370 136 1
22 L 8 164 1
22 D 370 164 1
18 L 5 339 1
18 D 272 339 1
12 L 3 372 1
12 D 272 372 1
12 L 3 375 1
12 D 272 375 1
24 L 5 297 1
24 D 272 297 1
2 L 9 234 1
2 D 272 234 1
3 L 0 179 1
3 D 270 179 1
17 L 3 287 1
17 D 933 287 1
17 L 3 153 1
17 D 933 153 1
11 L 9 116 1
11 D 933 116 1
21 L 7 105 1
21 D 1110 105 1
1 L 3 136 1
1 D 1110 136 1
13 L 4 345 1
13 D 1110 345 1
0 L 2 63 1
0 D 289 63 1
8 L 0 296 1
8 D 289 296 1
9 L 8 312 1
9 D 289 312 1
22 L 3 15 1
22 D 289 15 1
26 L 4 352 1
26 D 681 352 1
16 L 7 220 1
16 D 681 220 1
27 L 3 18 1
27 D 681 18 1
20 L 1 83 1
20 D 270 83 1
13 L 8 324 1
13 D 270 324 1
15 L 7 108 1
15 D 270 108 1
15 L 7 330 1
15 D 270 330 1
7 L 8 164 1
7 D 270 164 1
10 L 2 123 1
10 D 334 123 1
26 L 4 86 1
26 D 334 86 1
14 L 2 7 1
14 D 334 7 1
22 L 0 92 1
22 D 135 92 1
22 L 0 219 1
22 D 135 219 1
16 L 5 113 1
16 D 135 113 1
18 L 4 32 1
18 D 135 32 1
21 L 2 302 1
21 D 373 302 1
25 L 7 332 1
25 D 373 332 1
24 L 0 276 1
24 D 598 276 1
23 L 0 31 1
23 D 598 31 1
16 L 6 221 1
16 D 598 221 1
26 L 8 112 1
26 D 582 112 1
8 L 3 233 1
8 D 582 233 1
8 L 3 375 1
8 D 582 375 1
0 L 1 106 1
0 D 582 106 1
29 L 6 133 1
29 D 582 133 1
9 L 3 391 1
9 D 582 391 1
15 L 9 386 1
15 D 615 386 1
1 L 3 153 1
1 D 615 153 1
19 L 6 391 1
19 D 615 391 1
23 L 6 126 1
23 D 769 126 1
16 L 0 296 1
16 D 769 296 1
27 L 9 58 1
27 D 769 58 1
5 L 2 56 1
5 D 769 56 1
2 L 9 337 1
2 D 769 337 1
19 L 1 211 1
19 D 690 211 1
15 L 8 307 1
15 D 690 307 1
1 L 7 348 1
1 D 690 348 1
3 L 8 161 1
3 D 690 161 1
10 L 4 185 1
10 D 1054 185 1
11 L 3 27 1
11 D 1054 27 1
4 L 3 159 1
4 D 1104 159 1
16 L 3 153 1
16 D 1104 153 1
20 L 6 317 1
20 D 1070 317 1
7 L 6 231 1
7 D 1070 231 1
15 L 8 41 1
15 D 1070 41 1
9 L 6 371 1
9 D 604 371 1
9 L 6 243 1
9 D 604 243 1
23 L 8 367 1
23 D 604 367 1
10 L 7 145 1
10 D 269 145 1
8 L 6 89 1
8 D 269 89 1
11 L 2 334 1
11 D 269 334 1
13 L 3 341 1
13 D 752 341 1
13 L 3 163 1
13 D 752 163 1
20 L 2 334 1
20 D 752 334 1
21 L 7 141 1
21 D 752 141 1
17 L 4 164 1
17 D 752 164 1
0 L 6 201 1
0 D 1166 201 1
5 L 8 312 1
5 D 1166 312 1
11 L 9 29 1
11 D 33 29 1
18 L 7 392 1
18 D 33 392 1
18 L 7 163 1
18 D 33 163 1
18 L 7 201 1
18 D 33 201 1
14 L 5 60 1
14 D 33 60 1
20 L 3 264 1
20 D 492 264 1
26 L 7 340 1
26 D 492 340 1
12 L 9 128 1
12 D 1125 128 1
12 L 9 45 1
12 D 1125 45 1
13 L 7 208 1
13 D 1125 208 1
13 L 7 96 1
13 D 1125 96 1
13 L 7 105 1
13 D 1125 105 1
16 L 4 297 1
16 D 1125 297 1
16 L 4 76 1
16 D 1125 76 1
5 L 8 67 1
5 D 250 67 1
11 L 7 210 1
11 D 250 210 1
11 L 7 383 1
11 D 250 383 1
18 L 4 201 1
18 D 250 201 1
18 L 4 226 1
18 D 250 226 1
6 L 6 205 1
6 D 250 205 1
26 L 9 297 1
26 D 59 297 1
26 L 9 104 1
26 D 59 104 1
9 L 2 330 1
9 D 59 330 1
15 L 4 262 1
15 D 59 262 1
8 L 9 132 1
8 D 59 132 1
21 L 1 28 1
21 D 815 28 1
21 L 1 163 1
21 D 815 163 1
24 L 6 335 1
24 D 815 335 1
24 L 6 201 1
24 D 815 201 1
2 L 8 257 1
2 D 815 257 1
1 L 6 152 1
1 D 548 152 1
1 L 6 227 1
1 D 548 227 1
1 L 6 129 1
1 D 548 129 1
6 L 1 349 1
6 D 548 349 1
6 L 1 398 1
6 D 548 398 1
13 L 3 221 1
13 D 548 221 1
11 L 8 161 1
11 D 548 161 1
3 L 0 247 1
3 D 418 247 1
7 L 8 181 1
7 D 418 181 1
17 L 9 353 1
17 D 418 353 1
16 L 1 253 1
16 D 221 253 1
19 L 5 129 1
19 D 221 129 1
19 L 5 397 1
19 D 221 397 1
13 L 6 330 1
13 D 221 330 1
13 L 6 238 1
13 D 221 238 1
18 L 7 146 1
18 D 221 146 1
22 L 8 355 1
22 D 221 355 1
6 L 9 379 1
6 D 169 379 1
6 L 9 8 1
6 D 169 8 1
1 L 8 125 1
1 D 169 125 1
1 L 8 172 1
1 D 169 172 1
1 L 8 163 1
1 D 169 163 1
17 L 4 219 1
17 D 169 219 1
17 L 4 314 1
17 D 169 314 1
23 L 8 391 1
23 D 169 391 1
3 L 3 228 1
3 D 169 228 1
12 L 4 216 1
12 D 536 216 1
24 L 3 228 1
24 D 536 228 1
25 L 3 18 1
25 D 536 18 1
11 L 6 300 1
11 D 624 300 1
27 L 2 216 1
27 D 624 216 1
27 L 2 122 1
27 D 624 122 1
27 L 2 16 1
27 D 624 16 1
14 L 3 350 1
14 D 624 350 1
17 L 2 186 1
17 D 624 186 1
19 L 3 372 1
19 D 1026 372 1
18 L 6 365 1
18 D 1026 365 1
1 L 8 41 1
1 D 1026 41 1
29 L 1 163 1
29 D 1163 163 1
29 L 1 104 1
29 D 1163 104 1
28 L 6 188 1
28 D 1163 188 1
23 L 2 123 1
23 D 431 123 1
6 L 6 365 1
6 D 431 365 1
6 L 6 16 1
6 D 431 16 1
22 L 8 2 1
22 D 431 2 1
18 L 1 171 1
18 D 1218 171 1
27 L 7 47 1
27 D 1218 47 1
5 L 9 214 1
5 D 1218 214 1
1 L 8 163 1
1 D 395 163 1
1 L 8 120 1
1 D 395 120 1
26 L 5 281 1
26 D 395 281 1
9 L 9 251 1
9 D 791 251 1
15 L 6 314 1
15 D 791 314 1
24 L 2 334 2
24 D 791 334 2
14 L 6 199 1
14 D 791 199 1
29 L 3 164 1
29 D 791 164 1
17 L 8 257 1
17 D 447 257 1
2 L 3 135 1
2 D 447 135 1
7 L 2 84 1
7 D 362 84 1
20 L 9 287 1
20 D 362 287 1
14 L 8 125 1
14 D 362 125 1
6 L 9 337 1
6 D 362 337 1
9 L 4 61 1
9 D 362 61 1
8 L 5 106 1
8 D 470 106 1
11 L 3 378 1
11 D 470 378 1
13 L 2 275 1
13 D 470 275 1
5 L 6 61 1
5 D 470 61 1
17 L 3 88 1
17 D 985 88 1
17 L 3 233 1
17 D 985 233 1
10 L 9 303 1
10 D 985 303 1
21 L 5 46 1
21 D 985 46 1
14 L 1 81 1
14 D 648 81 1
14 L 1 39 1
14 D 648 39 1
15 L 4 78 1
15 D 648 78 1
18 L 8 257 1
18 D 648 257 1
8 L 8 161 1
8 D 648 161 1
22 L 0 247 1
22 D 517 247 1
1 L 5 314 1
1 D 517 314 1
1 L 5 113 1
1 D 517 113 1
4 L 8 360 1
4 D 698 360 1
28 L 6 231 1
28 D 698 231 1
28 L 6 89 1
28 D 698 89 1
24 L 5 250 1
24 D 698 250 1
9 L 8 355 1
9 D 698 355 1
8 L 9 265 1
8 D 1106 265 1
8 L 9 375 1
8 D 1106 375 1
8 L 9 210 1
8 D 1106 210 1
16 L 7 289 1
16 D 1106 289 1
23 L 8 312 1
23 D 1106 312 1
26 L 3 119 1
26 D 1106 119 1
5 L 0 188 1
5 D 1106 188 1
19 L 1 81 1
19 D 37 81 1
25 L 5 136 1
25 D 37 136 1
15 L 8 67 1
15 D 170 67 1
24 L 6 122 1
24 D 170 122 1
24 L 6 189 1
24 D 170 189 1
28 L 2 284 1
28 D 170 284 1
9 L 8 298 1
9 D 170 298 1
4 L 5 71 1
4 D 1029 71 1
4 L 5 287 1
4 D 1029 287 1
6 L 9 330 1
6 D 1029 330 1
13 L 4 136 1
13 D 1029 136 1
26 L 2 252 1
26 D 1094 252 1
26 L 2 358 1
26 D 1094 358 1
3 L 9 265 1
3 D 1094 265 1
3 L 9 29 1
3 D 1094 29 1
20 L 8 257 1
20 D 1094 257 1
19 L 7 129 1
19 D 1045 129 1
22 L 0 272 1
22 D 1045 272 1
22 L 0 247 1
22 D 1045 247 1
0 L 7 243 1
0 D 1045 243 1
0 L 7 289 1
0 D 1045 289 1
13 L 7 108 1
13 D 1045 108 1
12 L 7 68 1
12 D 1005 68 1
17 L 3 354 1
17 D 1005 354 1
21 L 4 219 1
21 D 1005 219 1
16 L 7 229 1
16 D 1005 229 1
5 L 3 164 1
5 D 1005 164 1
3 L 5 81 1
3 D 420 81 1
24 L 5 350 1
24 D 420 350 1
11 L 5 391 1
11 D 420 391 1
14 L 6 154 1
14 D 420 154 1
1 L 6 237 1
1 D 899 237 1
22 L 8 206 1
22 D 899 206 1
0 L 9 61 1
0 D 899 61 1
8 L 7 149 1
8 D 125 149 1
8 L 7 138 1
8 D 125 138 1
8 L 7 105 1
8 D 125 105 1
23 L 8 41 1
23 D 125 41 1
26 L 1 391 1
26 D 125 391 1
29 L 9 278 1
29 D 965 278 1
19 L 8 245 1
19 D 965 245 1
19 L 8 83 1
19 D 965 83 1
19 L 8 125 1
19 D 965 125 1
15 L 4 394 1
15 D 965 394 1
4 L 1 370 1
4 D 965 370 1
22 L 7 122 1
22 D 16 122 1
22 L 7 35 1
22 D 16 35 1
22 L 7 129 1
22 D 16 129 1
21 L 6 305 1
21 D 16 305 1
24 L 4 61 1
24 D 16 61 1
28 L 9 265 1
28 D 386 265 1
14 L 3 156 1
14 D 386 156 1
14 L 3 397 1
14 D 386 397 1
14 L 3 153 1
14 D 386 153 1
15 L 6 17 1
15 D 386 17 1
15 L 6 365 1
15 D 386 365 1
10 L 4 229 1
10 D 386 229 1
23 L 5 132 1
23 D 386 132 1
27 L 0 168 1
27 D 884 168 1
20 L 6 189 1
20 D 884 189 1
6 L 8 355 1
6 D 884 355 1
12 L 7 15 1
12 D 884 15 1
28 L 7 105 1
28 D 284 105 1
15 L 6 243 1
15 D 284 243 1
25 L 3 121 1
25 D 284 121 1
14 L 3 228 1
14 D 284 228 1
7 L 4 216 1
7 D 969 216 1
26 L 0 73 1
26 D 969 73 1
3 L 3 221 1
3 D 969 221 1
20 L 9 88 1
20 D 195 88 1
20 L 9 83 1
20 D 195 83 1
20 L 9 218 1
20 D 195 218 1
6 L 4 111 1
6 D 195 111 1
10 L 8 22 1
10 D 99 22 1
14 L 5 71 1
14 D 99 71 1
14 L 5 1 1
14 D 99 1 1
14 L 5 76 1
14 D 99 76 1
29 L 5 288 1
29 D 99 288 1
7 L 3 228 1
7 D 376 228 1
22 L 5 10 1
22 D 376 10 1
